scaffold,start,end,mid,sites,sitesUsed,ABBA,BABA,D,fd,fdM
16,14750001,14775000,14761039,737,348,64.32,5.0381,0.8547,0.3437,0.2874
16,16225001,16250000,16237904,429,258,31.1957,1.3378,0.9178,0.3348,0.2884
16,17000001,17025000,17014473,1420,510,46.245,11.5044,0.6016,0.1393,0.1247
16,17075001,17100000,17084911,1144,377,35.9525,8.2617,0.6263,0.1717,0.1501
16,17100001,17125000,17110767,649,267,25.4652,3.7805,0.7415,0.2494,0.2156
16,18300001,18325000,18312301,547,291,26.0686,4.2389,0.7203,0.2208,0.1764
16,20750001,20775000,20765720,789,346,42.3824,6.7698,0.7245,0.1976,0.1697
16,20775001,20800000,20786666,1025,282,31.2904,3.0079,0.8246,0.1807,0.1621
16,20800001,20825000,20812686,789,326,40.8651,3.5556,0.8399,0.2083,0.1879
16,20825001,20850000,20837312,717,343,30.368,7.2698,0.6137,0.1267,0.1113
16,20850001,20875000,20863361,812,354,41.4356,6.3689,0.7335,0.2051,0.1733
16,21700001,21725000,21712337,935,486,26.4194,12.8968,0.3439,0.0428,0.0391
16,21725001,21750000,21737031,932,484,26.5328,11.2857,0.4032,0.0494,0.0457
16,21750001,21775000,21763241,981,557,34.8159,7.4726,0.6466,0.0727,0.0692
16,21775001,21800000,21787514,1115,541,21.1407,12.5079,0.2566,0.0251,0.0232
16,21800001,21825000,21812304,990,440,17.9651,6.9286,0.4433,0.0367,0.0341
16,21825001,21850000,21836825,965,537,46.6724,12.0339,0.59,0.1259,0.1088
16,21875001,21900000,21887315,2519,1026,78.995,25.3152,0.5146,0.2345,0.1384
16,21900001,21925000,21909653,1602,437,20.1579,13.6872,0.1912,0.0457,0.0324
16,22175001,22200000,22188618,1611,504,19.0978,29.9057,-0.2206,-0.1058,-0.0488
16,22200001,22225000,22210886,1342,501,39.7971,19.9444,0.3323,0.0699,0.0614
16,22225001,22250000,22237793,1033,559,32.6235,13.25,0.4223,0.0637,0.0567
16,22250001,22275000,22261264,808,368,15.6222,5.1825,0.5018,0.0471,0.0449
16,22275001,22300000,22287237,805,432,22.2848,6.4632,0.5504,0.0681,0.0621
16,22300001,22325000,22313216,967,438,16.7143,8.223,0.3405,0.0341,0.0306
16,22325001,22350000,22336247,841,438,13.8254,3.7631,0.5721,0.0367,0.0338
16,22350001,22375000,22362276,970,392,23.5714,6.3013,0.5781,0.0718,0.0637
16,22375001,22400000,22386949,789,348,14.1514,6.7401,0.3548,0.0411,0.0355
16,22400001,22425000,22412579,925,406,18.8806,9.8175,0.3158,0.0345,0.0314
16,22600001,22625000,22609090,850,313,14.9603,3.1349,0.6535,0.0622,0.0586
16,22875001,22900000,22886986,1089,370,26.5374,2.1988,0.847,0.101,0.095
16,22900001,22925000,22913361,986,433,15.3899,10.4206,0.1925,0.018,0.0157
16,22925001,22950000,22936986,974,379,32.2139,3.3333,0.8125,0.1131,0.1067
16,22950001,22975000,22963578,983,336,16.4037,6.3175,0.4439,0.0466,0.0439
16,22975001,23000000,22987790,998,500,30.0195,5.3731,0.6964,0.0696,0.0666
16,23000001,23025000,23012073,960,492,22.5,7.5234,0.4988,0.0466,0.0442
16,23025001,23050000,23036296,867,372,13.4309,6.7819,0.3289,0.0317,0.0298
16,23050001,23075000,23062867,931,503,18.5626,10.8169,0.2636,0.0245,0.0228
16,23075001,23100000,23086625,1021,278,14.077,5.6125,0.4299,0.0515,0.0448
16,23725001,23750000,23738640,764,361,21.6613,3.4651,0.7242,0.0735,0.0694
16,23750001,23775000,23762531,855,379,15.1411,6.7062,0.3861,0.0351,0.032
16,23775001,23800000,23788175,700,441,12.569,4.9603,0.4341,0.0303,0.0286
16,23800001,23825000,23811989,714,436,10.7333,5.2302,0.3447,0.0191,0.018
16,23825001,23850000,23836943,1053,258,12.0029,4.0873,0.492,0.0417,0.0392
16,24150001,24175000,24163116,935,291,22.6495,5.0556,0.635,0.0953,0.0866
16,24250001,24275000,24260159,703,340,13.144,9.8968,0.1409,0.0139,0.0129
16,24275001,24300000,24287642,975,440,21.6903,7.9841,0.4619,0.0442,0.0419
16,24300001,24325000,24312191,1040,387,15.8624,7.7242,0.345,0.0352,0.0317
16,24325001,24350000,24337897,903,327,18.7136,4.2435,0.6303,0.0671,0.0617
16,24350001,24375000,24362283,1052,467,12.3591,12.2505,0.0044,0.0004,0.0003
16,24375001,24400000,24387445,982,433,11.9535,11.1462,0.0349,0.0029,0.0027
16,24400001,24425000,24412558,1206,386,40.1967,5.2381,0.7694,0.1325,0.1193
16,24425001,24450000,24437724,935,485,21.0476,8.4689,0.4262,0.0374,0.0349
16,24650001,24675000,24661992,1291,421,31.0886,5.1201,0.7172,0.1344,0.1131
16,24700001,24725000,24711932,1240,323,18.2335,3.4741,0.6799,0.1062,0.0892
16,25475001,25500000,25488535,1050,313,30.0846,4.1182,0.7592,0.1477,0.1251
16,25500001,25525000,25512208,1089,370,22.5556,4.6889,0.6558,0.0814,0.0725
16,25525001,25550000,25538128,1002,431,20.0073,10.7937,0.2991,0.0356,0.0326
16,25550001,25575000,25563079,945,391,19.4841,3.5876,0.689,0.0738,0.0654
16,25575001,25600000,25587156,932,358,13.1338,3.0476,0.6233,0.0485,0.0435
16,25600001,25625000,25612372,973,368,15.4127,6.3132,0.4188,0.0439,0.039
16,25625001,25650000,25637117,748,351,9.8866,9.0714,0.043,0.0034,0.0031
16,25650001,25675000,25662611,875,482,26.8461,10.1524,0.4512,0.0543,0.05
16,25675001,25700000,25684071,744,386,21.2784,8.5809,0.4252,0.0512,0.0472
16,25800001,25825000,25812473,890,357,15.5291,2.0556,0.7662,0.0541,0.0499
16,26125001,26150000,26137689,947,403,13.6508,4.8333,0.477,0.0313,0.0288
16,26150001,26175000,26162068,891,447,11.8066,6.3175,0.3029,0.0202,0.0174
16,26175001,26200000,26187571,998,330,6.4324,4.0,0.2332,0.0107,0.0094
16,26325001,26350000,26338061,764,426,21.7955,5.4956,0.5973,0.0624,0.0583
16,26350001,26375000,26362537,901,410,11.275,9.5079,0.085,0.0075,0.0064
16,26375001,26400000,26386709,900,456,11.9582,13.381,-0.0561,-0.0045,-0.0041
16,26400001,26425000,26413758,775,470,10.9452,11.8674,-0.0404,-0.003,-0.0028
16,26625001,26650000,26637028,930,374,12.8115,8.4161,0.2071,0.0195,0.0174
16,26650001,26675000,26662641,957,411,19.4026,6.5873,0.4931,0.0441,0.0412
16,26675001,26700000,26687335,793,394,11.6984,5.8095,0.3364,0.0217,0.0207
16,26700001,26725000,26712466,959,442,30.077,11.1587,0.4588,0.0654,0.0603
16,26725001,26750000,26737396,1007,410,28.9439,4.0489,0.7546,0.0924,0.0867
16,26750001,26775000,26761673,1094,453,17.8265,3.4444,0.6761,0.0483,0.0463
16,26775001,26800000,26786674,1042,472,26.1179,5.0339,0.6768,0.0669,0.0639
16,26800001,26825000,26812156,887,366,12.3156,6.0319,0.3425,0.0259,0.0241
16,27225001,27250000,27238559,982,250,13.1111,7.1439,0.2946,0.0383,0.0335
16,27250001,27275000,27262918,1041,356,11.8457,11.7778,0.0029,0.0003,0.0002
16,27525001,27550000,27537549,1055,278,11.0476,8.1587,0.1504,0.0139,0.0125
16,27550001,27575000,27562768,1009,417,6.0794,18.0325,-0.4957,-0.0431,-0.0364
16,27575001,27600000,27585822,993,465,10.14,29.5247,-0.4887,-0.0675,-0.0549
16,27625001,27650000,27637852,1077,480,30.0063,30.564,-0.0092,-0.0018,-0.0014
16,27650001,27675000,27661171,1124,551,16.5676,44.5892,-0.4582,-0.087,-0.0644
16,27675001,27700000,27686968,1116,524,10.3688,32.0213,-0.5108,-0.0773,-0.0589
16,27700001,27725000,27711614,771,309,15.1907,11.4354,0.141,0.0362,0.0221
16,29300001,29325000,29309677,641,264,39.8985,3.3968,0.8431,0.2978,0.2573
16,29325001,29350000,29338524,615,250,47.6606,5.3016,0.7998,0.348,0.3083
16,29600001,29625000,29615145,808,274,33.6823,3.8091,0.7968,0.2839,0.2392
