scaffold,start,end,mid,sites,sitesUsed,ABBA,BABA,D,fd,fdM
4,1075001,1100000,1087465,955,260,30.6984,10.6613,0.4845,0.1334,0.1162
4,3550001,3575000,3562728,894,318,20.1909,5.4579,0.5744,0.0989,0.074
4,4200001,4225000,4213059,1038,268,53.8097,3.873,0.8657,0.2681,0.2441
4,4550001,4575000,4562477,1136,350,36.5661,4.1972,0.7941,0.2099,0.1617
4,4575001,4600000,4587181,937,319,22.2036,11.6984,0.3099,0.0919,0.0623
4,4725001,4750000,4738148,1075,263,25.3184,3.1587,0.7782,0.2207,0.1853
4,5425001,5450000,5437067,860,293,37.4774,3.119,0.8463,0.2864,0.2436
4,5450001,5475000,5462517,1145,328,46.005,5.0873,0.8009,0.2787,0.2542
4,9025001,9050000,9036948,993,260,38.5556,14.0159,0.4668,0.1539,0.1194
4,9600001,9625000,9612233,1018,335,27.1187,7.3095,0.5754,0.1339,0.1043
4,9625001,9650000,9637174,808,351,31.3472,1.9607,0.8823,0.1998,0.1703
4,9650001,9675000,9662119,771,260,35.1905,7.2143,0.6597,0.2005,0.1725
4,9750001,9775000,9761168,1043,277,29.5,2.127,0.8655,0.2019,0.1729
4,9775001,9800000,9787196,972,306,49.61,8.7063,0.7014,0.2523,0.2019
4,9800001,9825000,9811986,833,367,39.9214,11.8434,0.5424,0.1561,0.125
4,9825001,9850000,9837811,1001,268,28.7056,4.8492,0.711,0.1817,0.151
4,9850001,9875000,9862478,945,401,57.2893,10.2456,0.6966,0.2112,0.177
4,10000001,10025000,10012405,966,273,33.3653,5.4841,0.7177,0.1763,0.157
4,10025001,10050000,10037589,925,280,31.6032,6.9968,0.6375,0.1505,0.1305
4,10050001,10075000,10062690,1044,288,38.5765,5.3571,0.7561,0.2044,0.1807
4,10075001,10100000,10086080,727,265,33.627,6.9048,0.6593,0.2058,0.1699
4,10100001,10125000,10112372,848,350,38.4739,9.5079,0.6037,0.1558,0.1291
4,10125001,10150000,10137166,801,354,64.7951,5.0721,0.8548,0.2798,0.2571
4,10200001,10225000,10213262,1008,282,57.7043,5.2302,0.8338,0.2921,0.2558
4,10225001,10250000,10236617,953,311,42.4839,6.4683,0.7357,0.1872,0.163
4,10325001,10350000,10336180,914,355,70.4748,3.496,0.9055,0.3027,0.2659
4,10400001,10425000,10412418,1031,384,86.0554,7.4452,0.8407,0.307,0.2743
4,10425001,10450000,10437143,939,356,48.7088,7.754,0.7253,0.1998,0.18
4,10575001,10600000,10586921,1042,318,53.8199,4.4365,0.8477,0.2495,0.2174
4,10625001,10650000,10635729,775,289,20.0867,8.7857,0.3914,0.0856,0.062
4,10950001,10975000,10962751,864,426,59.3175,6.5595,0.8009,0.2263,0.2072
4,10975001,11000000,10986703,875,329,53.3296,3.334,0.8823,0.2493,0.2244
4,11375001,11400000,11387355,777,324,33.1429,6.1679,0.6862,0.1614,0.1347
4,11400001,11425000,11412323,755,313,40.7686,8.7778,0.6457,0.2029,0.1685
4,11425001,11450000,11437492,893,316,42.3333,5.5902,0.7667,0.1945,0.1667
4,11525001,11550000,11537345,892,271,30.8467,4.261,0.7573,0.2159,0.1792
4,11550001,11575000,11563179,728,366,28.6398,5.8313,0.6617,0.1349,0.1126
4,11575001,11600000,11588209,1076,335,67.9316,6.881,0.816,0.3322,0.2805
4,11975001,12000000,11986710,943,260,28.6106,1.3095,0.9125,0.1833,0.1421
4,12150001,12175000,12162615,917,350,38.5232,9.9786,0.5885,0.176,0.1472
4,12375001,12400000,12388463,999,369,56.2555,8.8714,0.7276,0.2609,0.212
4,12400001,12425000,12413002,998,321,36.8254,13.7381,0.4566,0.1073,0.09
4,12425001,12450000,12437564,911,317,55.627,13.2778,0.6146,0.2355,0.1833
4,12450001,12475000,12461990,1060,370,66.3234,7.4365,0.7984,0.2611,0.2293
4,12875001,12900000,12888203,1040,396,62.4524,6.3651,0.815,0.2705,0.2234
4,13075001,13100000,13084947,797,250,39.0231,4.0635,0.8114,0.212,0.1911
4,13250001,13275000,13261966,808,314,47.9524,6.1747,0.7718,0.2528,0.2054
4,13375001,13400000,13388298,1247,261,27.2619,4.1806,0.7341,0.18,0.1376
4,13400001,13425000,13413954,891,291,31.1746,11.2879,0.4683,0.139,0.098
4,13475001,13500000,13486724,941,287,43.9921,9.0721,0.6581,0.2785,0.2084
4,13725001,13750000,13737968,995,320,73.8413,10.5159,0.7507,0.2956,0.2569
4,13750001,13775000,13762983,964,290,60.0625,4.2302,0.8684,0.2922,0.2523
4,14375001,14400000,14385807,875,307,52.7286,4.5079,0.8425,0.2728,0.2422
4,14650001,14675000,14661828,907,323,34.9009,8.2778,0.6166,0.1786,0.1315
4,15000001,15025000,15012018,1056,414,73.7339,7.281,0.8203,0.2795,0.241
4,15025001,15050000,15036421,827,311,31.1594,9.6823,0.5259,0.152,0.1155
4,15050001,15075000,15063374,894,324,34.8693,6.8742,0.6706,0.1627,0.1388
4,15075001,15100000,15087396,849,386,53.4756,6.7865,0.7748,0.2079,0.1831
4,15100001,15125000,15112524,858,356,49.4762,6.0087,0.7834,0.2915,0.2383
4,15125001,15150000,15137729,885,399,51.6273,7.4841,0.7468,0.2109,0.1804
4,15150001,15175000,15161825,1057,376,79.7667,5.746,0.8656,0.3404,0.2823
4,15275001,15300000,15287744,843,330,60.9209,6.0397,0.8196,0.2606,0.2216
4,15300001,15325000,15312429,931,292,64.9126,2.0317,0.9393,0.3004,0.2672
4,15325001,15350000,15337525,951,278,46.8333,6.4444,0.7581,0.2238,0.1992
4,15350001,15375000,15362084,926,351,39.9012,6.2143,0.7305,0.1655,0.1371
4,15400001,15425000,15410364,1156,276,33.8492,9.5,0.5617,0.1661,0.1357
4,15425001,15450000,15437631,950,279,37.5658,3.1746,0.8442,0.2005,0.1813
4,15450001,15475000,15462357,1041,330,43.1414,8.4966,0.6709,0.194,0.1657
4,16575001,16600000,16587116,866,328,37.2014,6.3516,0.7083,0.1897,0.1597
4,16600001,16625000,16612974,933,298,32.9762,7.4683,0.6307,0.1581,0.1296
4,16625001,16650000,16636890,1105,341,34.2232,6.2625,0.6906,0.1652,0.1421
4,16950001,16975000,16961875,881,356,38.9048,8.4286,0.6439,0.1376,0.1093
4,17025001,17050000,17036885,721,256,24.0159,2.5159,0.8103,0.1415,0.116
4,17075001,17100000,17087745,857,273,22.0397,0.4299,0.9617,0.1348,0.1045
4,17100001,17125000,17113532,808,295,28.9444,7.127,0.6048,0.1331,0.1041
4,17125001,17150000,17138046,798,287,25.9206,5.1587,0.668,0.1162,0.0944
4,17150001,17175000,17163107,966,399,49.9286,9.0,0.6945,0.1528,0.129
4,17175001,17200000,17187767,836,286,41.0159,3.9223,0.8254,0.2,0.16
4,17200001,17225000,17212751,917,351,39.9192,3.0534,0.8579,0.1896,0.1416
4,17225001,17250000,17236943,983,323,40.0,2.246,0.8937,0.1815,0.1479
4,17250001,17275000,17262236,805,313,32.0814,3.5238,0.8021,0.1656,0.1304
4,17275001,17300000,17287055,785,394,37.0238,3.3098,0.8359,0.1256,0.1045
4,17325001,17350000,17338005,951,274,41.7778,2.7664,0.8758,0.2621,0.2016
4,17350001,17375000,17361591,733,342,30.0476,7.5283,0.5993,0.1077,0.0906
4,17375001,17400000,17389942,727,274,22.9286,7.7143,0.4965,0.099,0.0804
4,17400001,17425000,17411812,908,388,33.9206,5.2857,0.7304,0.1114,0.097
4,17425001,17450000,17437944,950,346,24.9921,4.3977,0.7007,0.1114,0.0852
4,17450001,17475000,17461549,918,356,37.0,4.2283,0.7949,0.1518,0.1295
4,17475001,17500000,17488654,787,306,34.9677,2.0556,0.889,0.1601,0.1408
4,17500001,17525000,17511922,876,283,49.0079,13.1508,0.5769,0.1847,0.1568
4,17525001,17550000,17538477,847,274,42.0085,5.0961,0.7836,0.1992,0.1771
4,17625001,17650000,17638352,874,336,45.2293,8.8189,0.6737,0.1824,0.1555
4,17650001,17675000,17662064,819,320,36.6893,4.0952,0.7992,0.1604,0.1397
4,17675001,17700000,17688263,1123,311,51.1865,7.1087,0.7561,0.2625,0.2247
4,17775001,17800000,17787511,959,263,38.2778,3.127,0.849,0.228,0.214
4,17825001,17850000,17838187,939,290,43.7536,7.246,0.7158,0.2214,0.1969
4,17950001,17975000,17962325,778,331,56.0388,7.788,0.756,0.2596,0.2114
4,17975001,18000000,17988006,928,303,47.9206,11.7686,0.6057,0.1872,0.1582
4,18000001,18025000,18013882,995,311,54.8492,6.0806,0.8004,0.2278,0.2074
4,18075001,18100000,18086992,759,265,34.8346,8.1591,0.6205,0.1508,0.1295
4,18100001,18125000,18112736,827,312,60.8571,6.127,0.8171,0.2552,0.2185
4,18175001,18200000,18188785,910,329,36.1397,12.4603,0.4872,0.1819,0.1361
4,18200001,18225000,18212773,1184,469,42.9717,19.0919,0.3848,0.1702,0.1211
4,18225001,18250000,18236575,872,333,43.8511,6.7788,0.7322,0.2606,0.2132
4,18250001,18275000,18262514,957,336,49.373,7.9127,0.7237,0.1981,0.1727
4,18575001,18600000,18587027,475,270,27.9736,1.6807,0.8866,0.4629,0.3631
4,22250001,22275000,22262606,1149,324,29.4162,2.1458,0.864,0.1867,0.1712
4,26425001,26450000,26437561,555,259,42.4802,4.6508,0.8026,0.2815,0.2353
4,26900001,26925000,26910863,702,301,60.5234,2.3651,0.9248,0.3691,0.3344
4,26975001,27000000,26988708,714,254,44.8651,3.1825,0.8675,0.2632,0.2348
4,27000001,27025000,27014504,644,253,58.8315,8.1825,0.7558,0.3005,0.2642
4,27100001,27125000,27112269,705,293,75.8996,3.5421,0.9108,0.4582,0.4127
4,27475001,27500000,27487993,836,255,47.9311,5.4179,0.7969,0.333,0.2847
4,27500001,27525000,27511878,915,296,33.3877,10.2222,0.5312,0.1177,0.1062
4,27550001,27575000,27562689,883,259,19.7746,9.5964,0.3465,0.0906,0.0725
4,27575001,27600000,27587448,952,330,17.4108,13.288,0.1343,0.0385,0.03
4,27600001,27625000,27610987,771,271,22.0303,6.9524,0.5202,0.147,0.1196
4,28025001,28050000,28040735,664,262,36.9127,10.9406,0.5427,0.1526,0.1327
4,28050001,28075000,28061712,1015,327,66.7387,6.0159,0.8346,0.2315,0.2174
4,28075001,28100000,28087042,621,288,60.2706,4.3497,0.8654,0.2944,0.2686
4,28175001,28200000,28187323,888,307,66.3753,8.6029,0.7705,0.2782,0.249
4,28200001,28225000,28212241,933,337,81.3916,7.1349,0.8388,0.3258,0.2888
4,28225001,28250000,28237041,1084,292,78.8333,4.0556,0.9021,0.3539,0.3164
4,28250001,28275000,28262602,1034,329,70.6253,5.0556,0.8664,0.2711,0.2421
4,28275001,28300000,28289255,1088,258,51.2381,4.0397,0.8538,0.2754,0.2379
4,28300001,28325000,28312401,904,282,68.4048,4.0794,0.8874,0.327,0.2849
4,28325001,28350000,28336883,1014,271,76.7143,3.5794,0.9108,0.3752,0.3365
4,28350001,28375000,28362399,896,307,64.3492,6.0714,0.8276,0.2714,0.241
4,28375001,28400000,28387095,826,280,53.4685,3.0476,0.8922,0.2564,0.2382
4,28400001,28425000,28411768,1058,252,57.5556,7.0,0.7831,0.3084,0.269
4,28425001,28450000,28437525,987,304,46.9743,9.5159,0.6631,0.2149,0.1795
4,30550001,30575000,30562260,1195,361,70.7837,8.5972,0.7834,0.297,0.2539
4,31050001,31075000,31062821,894,279,37.8968,7.3663,0.6745,0.2067,0.1666
4,31075001,31100000,31087638,816,292,37.4144,10.1667,0.5727,0.1748,0.1447
4,31100001,31125000,31111698,866,297,47.8223,7.3862,0.7324,0.2426,0.1968
4,31125001,31150000,31137345,972,252,31.3889,6.9286,0.6384,0.1712,0.1509
4,31225001,31250000,31236740,976,334,44.4615,6.0952,0.7589,0.2412,0.2005
4,31250001,31275000,31262459,785,259,26.8889,8.0714,0.5383,0.1583,0.1207
4,31275001,31300000,31288093,833,284,46.3254,7.9921,0.7057,0.2339,0.1922
4,31300001,31325000,31312784,893,256,51.8283,7.0317,0.7611,0.259,0.2229
4,31325001,31350000,31337155,845,274,54.6587,6.6349,0.7835,0.2713,0.2304
4,31350001,31375000,31361908,1009,344,58.045,7.0079,0.7845,0.2312,0.2018
4,31375001,31400000,31387519,853,353,47.2773,12.619,0.5786,0.1747,0.1392
4,31400001,31425000,31413113,978,250,30.1665,8.2971,0.5686,0.179,0.1473
