scaffold,start,end,mid,sites,sitesUsed,ABBA,BABA,D,fd,fdM
1,4100001,4125000,4112635,678,278,56.3146,5.6256,0.8184,0.3294,0.2958
1,4525001,4550000,4536680,750,277,58.9052,10.1192,0.7068,0.3245,0.2836
1,5850001,5875000,5862748,580,305,21.4771,4.5317,0.6515,0.1062,0.0979
1,7400001,7425000,7414033,837,281,95.9365,2.119,0.9568,0.5287,0.4822
1,7425001,7450000,7436315,1139,337,134.1111,8.0238,0.8871,0.6048,0.5377
1,7675001,7700000,7687499,968,389,176.3861,4.2222,0.9532,0.6719,0.5692
1,7700001,7725000,7713217,962,374,160.8437,8.3392,0.9014,0.6118,0.528
1,7725001,7750000,7735709,858,316,115.3772,1.318,0.9774,0.6531,0.5535
1,8425001,8450000,8436983,970,326,184.0359,0.1865,0.998,0.8352,0.7345
1,8450001,8475000,8463264,903,266,155.929,0.4171,0.9947,0.8213,0.7635
1,8475001,8500000,8487204,955,327,122.2216,2.0952,0.9663,0.6066,0.5482
1,8525001,8550000,8536793,1034,264,124.2218,2.0476,0.9676,0.7434,0.66
1,8675001,8700000,8687882,913,316,154.8894,4.4843,0.9437,0.7114,0.5925
1,8700001,8725000,8712536,1049,388,164.0228,4.6042,0.9454,0.7169,0.5468
1,8725001,8750000,8739156,1189,338,125.3333,4.2723,0.9341,0.6931,0.5361
1,8750001,8775000,8763010,1010,431,159.7273,3.5357,0.9567,0.736,0.5568
1,8775001,8800000,8787487,1117,269,112.4286,6.6508,0.8883,0.6623,0.5425
1,8800001,8825000,8812759,973,372,162.7698,6.1905,0.9267,0.6841,0.5885
1,8825001,8850000,8837134,943,331,165.4663,3.1759,0.9623,0.7344,0.6786
1,8850001,8875000,8861597,953,300,71.8815,2.0,0.9459,0.2916,0.2745
1,8875001,8900000,8888569,1112,350,136.7143,1.0159,0.9852,0.5504,0.5148
1,8925001,8950000,8935614,1124,274,118.5704,3.1516,0.9482,0.7442,0.6566
1,8950001,8975000,8962072,828,279,82.4941,8.3094,0.817,0.3793,0.3498
1,8975001,9000000,8986780,876,356,109.5641,3.0714,0.9455,0.4334,0.3918
1,9200001,9225000,9212279,1075,354,167.1846,1.2629,0.985,0.7052,0.6545
1,9225001,9250000,9237429,1003,362,181.5796,1.0238,0.9888,0.6996,0.654
1,9250001,9275000,9262064,944,345,167.6805,0.1667,0.998,0.7507,0.6942
1,9275001,9300000,9286317,982,361,172.1698,2.9919,0.9658,0.6882,0.6485
1,9300001,9325000,9312600,929,411,206.2041,2.9917,0.9714,0.7985,0.7591
1,9325001,9350000,9337748,1201,493,113.713,6.6737,0.8891,0.3857,0.3453
1,9350001,9375000,9364304,1288,625,144.8795,13.412,0.8305,0.3802,0.3455
1,9450001,9475000,9462356,1069,325,94.9207,4.6825,0.906,0.4831,0.4321
1,9475001,9500000,9487072,939,401,209.6476,1.9524,0.9815,0.7516,0.696
1,9500001,9525000,9512224,941,363,145.1834,1.0796,0.9852,0.6197,0.5583
1,9525001,9550000,9537602,932,362,101.7937,9.075,0.8363,0.4546,0.3863
1,9550001,9575000,9562086,885,291,89.8059,7.4742,0.8463,0.4756,0.4149
1,9575001,9600000,9587799,762,277,99.3594,2.0077,0.9604,0.5892,0.54
1,9600001,9625000,9612200,818,303,91.8503,8.0719,0.8384,0.5464,0.4723
1,9625001,9650000,9637366,799,329,118.5786,8.3853,0.8679,0.6725,0.5795
1,9650001,9675000,9661446,810,361,171.8016,2.1278,0.9755,0.69,0.6331
1,9700001,9725000,9713088,898,372,99.1058,6.1036,0.884,0.3848,0.3422
1,9725001,9750000,9737731,886,282,122.8018,3.2063,0.9491,0.597,0.5473
1,10025001,10050000,10037348,959,387,163.0704,0.3515,0.9957,0.6719,0.5928
1,10050001,10075000,10062339,860,258,104.8333,4.0476,0.9257,0.6064,0.547
1,10100001,10125000,10113022,835,354,124.1987,7.8238,0.8815,0.5811,0.4978
1,10125001,10150000,10136815,993,291,88.4041,8.1775,0.8307,0.5208,0.4356
1,10150001,10175000,10162172,757,323,108.3978,8.213,0.8591,0.5832,0.4619
1,10175001,10200000,10186688,752,306,134.7408,0.5565,0.9918,0.6973,0.628
1,10200001,10225000,10213175,703,321,173.4048,0.1587,0.9982,0.7478,0.688
1,10225001,10250000,10236663,746,302,149.2177,0.0,1.0,0.7088,0.6736
1,10250001,10275000,10262382,773,366,155.6971,1.0566,0.9865,0.7518,0.6782
1,10275001,10300000,10287934,676,336,143.2187,1.4603,0.9798,0.7314,0.6409
1,10300001,10325000,10311912,979,377,163.7072,2.2302,0.9731,0.68,0.6043
1,10325001,10350000,10337476,1017,279,79.9365,10.151,0.7746,0.5456,0.4439
1,10350001,10375000,10362683,957,354,146.1842,2.119,0.9714,0.6874,0.6176
1,10375001,10400000,10386649,860,348,141.9789,6.3658,0.9142,0.7267,0.5882
1,10400001,10425000,10413448,990,309,86.6514,3.9762,0.9123,0.5319,0.4151
1,10625001,10650000,10637597,988,368,38.5963,7.9603,0.658,0.1198,0.1095
1,10650001,10675000,10661639,1032,420,119.919,11.8095,0.8207,0.423,0.3543
1,10675001,10700000,10687334,1145,372,117.5927,5.2011,0.9153,0.455,0.3946
1,10700001,10725000,10710563,856,297,115.3359,2.3404,0.9602,0.627,0.5635
1,10775001,10800000,10786644,784,309,160.8709,0.3175,0.9961,0.7633,0.6814
1,10800001,10825000,10813348,980,268,157.3365,1.0812,0.9864,0.7958,0.7025
1,10900001,10925000,10912115,945,317,156.4537,2.119,0.9733,0.7327,0.6718
1,10975001,11000000,10987052,1029,369,113.2652,8.1429,0.8659,0.5364,0.4211
1,11000001,11025000,11013273,935,332,134.4669,6.0956,0.9133,0.7122,0.6156
1,11025001,11050000,11037570,900,286,118.7267,0.7937,0.9867,0.7477,0.6371
1,11050001,11075000,11063139,964,335,156.0115,2.4262,0.9694,0.7563,0.6721
1,11075001,11100000,11087963,1046,357,185.8661,1.3816,0.9852,0.7679,0.6793
1,11100001,11125000,11112231,959,313,122.6621,2.0319,0.9674,0.719,0.5838
1,11125001,11150000,11137272,938,325,112.9098,14.0183,0.7791,0.5608,0.4512
1,11175001,11200000,11187966,791,312,136.0799,2.2143,0.968,0.7816,0.6745
1,11200001,11225000,11212998,998,292,119.2576,6.6587,0.8942,0.6865,0.5456
1,11225001,11250000,11236129,1058,302,125.4535,6.1098,0.9071,0.6863,0.5873
1,11525001,11550000,11537323,1122,356,101.928,3.9841,0.9248,0.533,0.473
1,11550001,11575000,11562713,1150,318,133.8127,1.4524,0.9785,0.7059,0.6462
1,11575001,11600000,11587755,1074,409,146.4121,2.6667,0.9642,0.6482,0.5528
1,11600001,11625000,11612766,1249,307,120.7008,1.6615,0.9728,0.7752,0.6326
1,11625001,11650000,11637885,1156,361,139.6217,0.5086,0.9927,0.784,0.6695
1,11650001,11675000,11663108,1159,423,184.2198,1.0794,0.9884,0.7657,0.6838
1,11675001,11700000,11688014,1119,349,160.4247,0.8016,0.9901,0.7723,0.7026
1,11700001,11725000,11712575,1055,394,177.1414,0.8176,0.9908,0.766,0.6685
1,11725001,11750000,11737728,868,321,120.8383,2.3999,0.9611,0.6767,0.6054
1,11750001,11775000,11761894,923,260,133.5,0.0476,0.9993,0.8477,0.7828
1,12175001,12200000,12187804,1131,290,89.1663,10.0242,0.7979,0.5663,0.4782
1,12225001,12250000,12237068,1053,299,95.4283,10.971,0.7938,0.5378,0.4536
1,12250001,12275000,12262272,991,332,86.9935,11.5931,0.7648,0.5412,0.4283
1,12275001,12300000,12287557,1007,282,83.1217,6.2619,0.8599,0.5612,0.5018
1,12300001,12325000,12312016,913,331,103.04,5.4841,0.8989,0.5777,0.487
1,12325001,12350000,12338833,1189,291,106.3682,7.5556,0.8674,0.7136,0.5752
1,12350001,12375000,12362037,758,329,101.0911,18.9699,0.684,0.4978,0.4016
1,12375001,12400000,12388292,803,294,94.6994,0.1852,0.9961,0.6252,0.5549
1,12500001,12525000,12512943,917,334,129.388,3.1919,0.9518,0.67,0.597
1,12725001,12750000,12738040,959,351,151.5733,1.5873,0.9793,0.7227,0.6321
1,12750001,12775000,12762411,801,366,132.1902,3.5556,0.9476,0.6215,0.5325
1,12775001,12800000,12786726,928,254,104.5191,1.2619,0.9761,0.7321,0.6283
1,12825001,12850000,12838321,925,293,136.1927,1.4206,0.9794,0.676,0.5941
1,12850001,12875000,12862143,1039,443,186.2895,1.4524,0.9845,0.6425,0.5923
1,12875001,12900000,12887383,888,406,163.828,8.6524,0.8997,0.6352,0.5382
1,12900001,12925000,12912445,997,388,111.1548,14.0013,0.7763,0.5002,0.3984
1,12925001,12950000,12937924,990,417,164.2319,4.0671,0.9517,0.7207,0.6225
1,13875001,13900000,13887919,859,379,168.4341,1.4127,0.9834,0.7149,0.6499
1,13900001,13925000,13912675,952,344,178.5735,0.0079,0.9999,0.7169,0.6736
1,13925001,13950000,13938125,881,343,149.5287,3.0714,0.9597,0.6922,0.6298
1,13950001,13975000,13962354,905,347,116.3172,1.1349,0.9807,0.5765,0.5486
1,13975001,14000000,13987166,944,333,169.0212,1.6751,0.9804,0.7635,0.7102
1,14000001,14025000,14012655,984,381,138.4103,2.1349,0.9696,0.6166,0.5759
1,14025001,14050000,14037612,1025,369,136.225,1.0069,0.9853,0.696,0.6615
1,14050001,14075000,14062598,889,270,99.6379,5.2972,0.899,0.6342,0.5726
1,14075001,14100000,14086467,1064,423,129.0426,8.6667,0.8741,0.6499,0.5307
1,14100001,14125000,14112430,850,388,125.8783,1.1161,0.9824,0.7052,0.6197
1,14125001,14150000,14138754,928,359,125.2061,3.0227,0.9529,0.7028,0.5787
1,14150001,14175000,14162114,961,422,157.0595,1.1715,0.9852,0.7482,0.5898
1,14175001,14200000,14186889,1010,327,118.6189,6.1587,0.9013,0.6635,0.5216
1,14200001,14225000,14212218,1106,472,44.6538,13.5742,0.5338,0.1054,0.0871
1,14275001,14300000,14288426,1039,262,111.6238,1.1032,0.9804,0.7238,0.6275
1,14300001,14325000,14312310,1099,482,213.6135,2.1512,0.9801,0.725,0.6637
1,14325001,14350000,14338022,1127,376,148.5491,0.7302,0.9902,0.7973,0.7185
1,14350001,14375000,14361756,1041,460,178.1269,1.2857,0.9857,0.6643,0.5985
1,14375001,14400000,14387252,1096,324,153.9694,0.9286,0.988,0.8315,0.742
1,14400001,14425000,14412598,1126,401,190.7184,0.4683,0.9951,0.7881,0.7027
1,14425001,14450000,14436628,1018,413,172.8148,2.0477,0.9766,0.792,0.7041
1,14450001,14475000,14461587,1129,321,134.3577,0.7778,0.9885,0.8168,0.7152
1,14475001,14500000,14487952,1036,408,132.3959,5.0241,0.9269,0.5828,0.4996
1,14500001,14525000,14512432,911,466,165.1025,3.1385,0.9627,0.6598,0.5732
1,14525001,14550000,14539234,900,376,142.3255,3.0521,0.958,0.7614,0.6441
1,14550001,14575000,14562920,937,425,154.4058,0.246,0.9968,0.7103,0.6185
1,14575001,14600000,14586382,900,451,163.8494,1.4703,0.9822,0.69,0.6176
1,14600001,14625000,14612681,847,389,104.9597,3.1879,0.941,0.6172,0.473
1,14625001,14650000,14638041,868,361,127.4634,4.5079,0.9317,0.6665,0.5771
1,14650001,14675000,14662765,900,400,122.3853,5.8708,0.9085,0.6131,0.537
1,14675001,14700000,14688045,1064,335,116.5469,5.1349,0.9156,0.5802,0.4852
1,14775001,14800000,14788316,1006,284,87.1032,4.8016,0.8955,0.6912,0.5819
1,14950001,14975000,14962269,864,319,104.3274,4.9848,0.9088,0.6361,0.5353
1,15450001,15475000,15463168,792,353,118.8635,1.3968,0.9768,0.6737,0.5988
1,15475001,15500000,15486887,1009,378,120.2165,3.4167,0.9447,0.5381,0.4825
1,15500001,15525000,15512216,837,362,145.7903,0.3492,0.9952,0.6961,0.6428
1,15550001,15575000,15561011,1386,304,114.4938,0.1032,0.9982,0.8158,0.7413
1,15575001,15600000,15586907,1055,321,152.3791,1.5081,0.9804,0.7992,0.7357
1,15600001,15625000,15612702,817,276,123.157,2.3399,0.9627,0.749,0.6873
1,15650001,15675000,15663173,981,297,148.3601,0.5079,0.9932,0.8335,0.7673
1,15675001,15700000,15687235,1163,316,130.5803,1.0987,0.9833,0.7975,0.7277
1,15700001,15725000,15712408,1147,389,153.2138,1.9956,0.9743,0.7124,0.654
1,15725001,15750000,15737963,1055,342,117.3802,1.05,0.9823,0.6959,0.6293
1,15750001,15775000,15760880,1070,276,108.539,0.0556,0.999,0.7567,0.6848
1,15775001,15800000,15787465,834,452,216.2197,3.5317,0.9679,0.8293,0.7553
1,15800001,15825000,15813462,894,393,188.5353,0.6825,0.9928,0.8101,0.7302
1,15825001,15850000,15837743,928,296,147.0736,0.1825,0.9975,0.857,0.7915
1,15850001,15875000,15862761,1106,293,162.6508,0.3492,0.9957,0.8948,0.8252
1,15875001,15900000,15887083,1102,445,97.0231,12.026,0.7794,0.4631,0.3886
1,16175001,16200000,16187549,1020,362,136.0887,0.8016,0.9883,0.7753,0.7081
1,16250001,16275000,16258680,812,252,49.5372,5.1312,0.8123,0.4293,0.3577
1,16650001,16675000,16662321,1068,326,83.1345,4.9424,0.8878,0.4667,0.4135
1,16675001,16700000,16683957,686,286,68.648,6.0435,0.8382,0.5179,0.4149
1,16975001,17000000,16987520,929,274,113.2449,1.6429,0.9714,0.7801,0.6545
1,17000001,17025000,17012383,765,327,97.0062,11.964,0.7804,0.6491,0.4998
1,17025001,17050000,17037353,798,326,105.6357,5.1032,0.9078,0.6371,0.5278
1,17075001,17100000,17087227,908,450,178.415,13.5873,0.8585,0.7132,0.6021
1,17100001,17125000,17112452,887,263,88.45,10.4444,0.7888,0.6221,0.5034
1,17125001,17150000,17136744,871,252,102.2256,7.413,0.8648,0.6574,0.5694
1,17150001,17175000,17162530,952,270,111.1431,1.4127,0.9749,0.7338,0.6659
1,17900001,17925000,17914006,910,359,145.2459,1.0794,0.9852,0.6867,0.6323
1,17925001,17950000,17936743,1010,494,136.278,10.9838,0.8508,0.5223,0.4557
1,17950001,17975000,17963358,998,371,136.2291,4.2302,0.9398,0.6924,0.6144
1,18000001,18025000,18013422,1296,282,92.0478,12.6667,0.7581,0.5316,0.4332
1,18025001,18050000,18037940,1116,400,126.1709,8.3972,0.8752,0.5939,0.5051
1,18050001,18075000,18062537,1046,266,77.0808,10.8248,0.7537,0.559,0.4835
1,18100001,18125000,18112863,1014,402,164.3487,4.4725,0.947,0.7508,0.651
1,18125001,18150000,18137125,981,318,116.1018,2.373,0.9599,0.6555,0.5838
1,18150001,18175000,18161997,956,377,165.0424,4.5079,0.9468,0.794,0.6806
1,18175001,18200000,18187778,1121,442,178.3587,5.119,0.9442,0.7312,0.6495
1,18200001,18225000,18213444,1164,346,122.343,4.7619,0.9251,0.7134,0.6176
1,18225001,18250000,18237533,1022,327,100.4647,3.381,0.9349,0.5755,0.5073
1,18275001,18300000,18287602,907,403,162.0694,1.0634,0.987,0.7554,0.6434
1,18300001,18325000,18312703,1049,342,187.1235,0.9921,0.9895,0.9329,0.8429
1,18325001,18350000,18337863,1097,303,132.765,0.0238,0.9996,0.8257,0.7383
1,18350001,18375000,18361676,992,308,137.1327,0.8568,0.9876,0.8501,0.729
1,18375001,18400000,18387239,1068,415,154.7648,1.0794,0.9861,0.7701,0.7049
1,18400001,18425000,18413180,874,361,162.5119,0.0959,0.9988,0.8613,0.7673
1,18425001,18450000,18437058,807,408,135.2715,0.5987,0.9912,0.7562,0.6425
1,18450001,18475000,18462276,1078,371,151.3766,0.2896,0.9962,0.7732,0.7006
1,18475001,18500000,18488297,896,302,150.5597,0.1429,0.9981,0.8786,0.7986
1,18500001,18525000,18512838,1004,342,150.6642,3.1032,0.9596,0.7912,0.704
1,18525001,18550000,18538511,899,334,118.3021,4.7937,0.9221,0.7381,0.6001
1,18550001,18575000,18562684,1019,384,138.7785,7.3889,0.8989,0.7223,0.6059
1,18575001,18600000,18588216,969,326,110.132,3.8571,0.9323,0.6948,0.5955
1,18600001,18625000,18611639,787,385,138.6838,1.2698,0.9819,0.7682,0.6765
1,19300001,19325000,19313345,1239,257,152.9127,0.5794,0.9925,0.9296,0.8405
1,19350001,19375000,19362632,917,257,112.324,0.6207,0.989,0.9055,0.8117
1,19375001,19400000,19387291,814,295,181.3975,0.0079,0.9999,0.9098,0.8422
1,19400001,19425000,19412769,906,429,210.8351,1.2518,0.9882,0.9138,0.8248
1,19425001,19450000,19438742,803,385,174.7634,3.2226,0.9638,0.872,0.6526
1,19450001,19475000,19462549,913,277,117.32,1.381,0.9767,0.828,0.656
1,19475001,19500000,19487016,975,258,154.6233,0.3016,0.9961,0.974,0.8355
1,20000001,20025000,20012475,1049,282,80.246,8.8413,0.8015,0.7318,0.4301
1,20025001,20050000,20037859,1167,292,66.4122,4.5027,0.873,0.5873,0.3511
1,20050001,20075000,20062089,874,256,70.5402,7.7063,0.803,0.655,0.3967
1,20200001,20225000,20212767,1243,271,91.3844,5.5635,0.8852,0.6469,0.5461
1,20225001,20250000,20236975,1074,297,105.7043,8.8352,0.8457,0.7263,0.6038
1,20250001,20275000,20263397,1032,281,93.9529,9.3534,0.8189,0.6757,0.5472
1,20275001,20300000,20286856,1016,281,88.1413,8.3746,0.8265,0.6665,0.5414
1,20300001,20325000,20312567,818,295,145.9875,2.2063,0.9702,0.8521,0.7492
1,20325001,20350000,20336541,839,356,194.916,0.3333,0.9966,0.9653,0.8215
1,20350001,20375000,20362911,894,350,170.8676,0.3968,0.9954,0.9109,0.8137
1,20375001,20400000,20387217,929,383,221.3816,1.2698,0.9886,0.9571,0.8727
1,20400001,20425000,20412645,1076,309,153.0079,12.1984,0.8523,0.8297,0.7323
1,20450001,20475000,20462379,1032,268,121.672,7.9762,0.877,0.799,0.7005
1,20575001,20600000,20588137,1063,276,125.3653,5.3962,0.9175,0.8361,0.678
1,20600001,20625000,20610853,1202,266,130.1746,5.4841,0.9191,0.8661,0.7364
1,20675001,20700000,20687413,1081,386,211.3586,0.1825,0.9983,0.9134,0.8205
1,20700001,20725000,20712553,996,429,179.9361,3.0159,0.967,0.7778,0.6418
1,20725001,20750000,20737083,1187,343,156.8479,2.3968,0.9699,0.7595,0.6555
1,20750001,20775000,20762638,1272,398,168.5616,2.1508,0.9748,0.7211,0.6298
1,20775001,20800000,20786783,1184,273,95.4823,8.8016,0.8312,0.5448,0.4452
1,20800001,20825000,20812071,1119,330,122.1349,6.0397,0.9058,0.582,0.4992
1,20825001,20850000,20837079,943,301,115.8492,1.0954,0.9813,0.7195,0.5808
1,20850001,20875000,20861078,858,286,135.754,1.1429,0.9833,0.8009,0.6896
1,20875001,20900000,20887474,864,343,151.8372,1.7698,0.977,0.7649,0.6541
1,20900001,20925000,20912298,1027,405,185.9681,2.1587,0.9771,0.7169,0.6283
1,21000001,21025000,21012776,1046,400,177.4205,6.4127,0.9302,0.784,0.6638
1,21025001,21050000,21037423,1043,362,155.5414,0.4965,0.9936,0.7344,0.6365
1,21050001,21075000,21061941,938,293,125.1955,0.7791,0.9876,0.6914,0.6209
1,21075001,21100000,21088020,891,313,150.2264,1.4921,0.9803,0.7731,0.714
1,21100001,21125000,21112735,931,295,136.968,1.531,0.9779,0.7297,0.6479
1,21125001,21150000,21138092,813,302,148.6109,0.373,0.995,0.7954,0.7139
1,21250001,21275000,21262786,1041,252,100.5891,0.135,0.9973,0.8752,0.7733
1,21275001,21300000,21288196,750,259,144.9581,0.2063,0.9972,0.9309,0.8147
1,21300001,21325000,21312523,1013,323,149.5415,1.8829,0.9751,0.8486,0.7472
1,21325001,21350000,21337602,927,328,138.5837,0.873,0.9875,0.7961,0.6804
1,21400001,21425000,21413511,952,255,105.4922,5.9444,0.8933,0.799,0.6556
1,21575001,21600000,21585808,1092,261,110.3523,0.1667,0.997,0.822,0.7536
1,21600001,21625000,21612332,1075,289,157.291,1.0317,0.987,0.8989,0.823
1,21625001,21650000,21638028,924,316,143.6769,1.2778,0.9824,0.8532,0.7371
1,21650001,21675000,21661713,901,325,122.911,8.5079,0.8705,0.7083,0.6141
1,21800001,21825000,21811894,990,395,181.1311,1.119,0.9877,0.8357,0.7475
1,21825001,21850000,21838108,1073,426,215.0535,0.4252,0.9961,0.84,0.7781
1,21850001,21875000,21862869,1119,446,131.441,2.0079,0.9699,0.6692,0.5994
1,21875001,21900000,21887467,901,459,168.3428,3.762,0.9563,0.633,0.5667
1,21900001,21925000,21912666,991,471,180.3973,1.7937,0.9803,0.6718,0.614
1,21925001,21950000,21938378,987,385,109.4622,4.7302,0.9172,0.5241,0.4579
1,21950001,21975000,21961803,1165,336,107.0292,5.9437,0.8948,0.5497,0.4412
1,22000001,22025000,22012125,935,392,154.0476,4.881,0.9386,0.6179,0.5408
1,22275001,22300000,22286842,992,428,172.3368,2.1984,0.9748,0.6888,0.6201
1,22300001,22325000,22311750,1032,278,103.954,1.5635,0.9704,0.6407,0.5843
1,22325001,22350000,22337998,892,422,188.2394,0.4444,0.9953,0.7334,0.677
1,22350001,22375000,22362100,1035,313,114.246,9.4265,0.8476,0.6565,0.5243
1,22375001,22400000,22386792,1028,365,128.5079,12.4048,0.8239,0.673,0.5665
1,22400001,22425000,22411959,1135,326,102.4526,2.4921,0.9525,0.6239,0.531
1,22425001,22450000,22436943,1102,284,93.8889,7.014,0.861,0.6218,0.5163
1,22450001,22475000,22463870,1240,279,107.2694,3.6032,0.935,0.7324,0.599
1,22700001,22725000,22712516,980,428,162.9401,2.8571,0.9655,0.5719,0.5174
1,22725001,22750000,22738885,1071,368,125.6679,3.2321,0.9499,0.6811,0.5569
1,23100001,23125000,23111749,1043,346,162.9625,0.873,0.9893,0.7902,0.7285
1,23125001,23150000,23136925,1077,255,126.1912,0.5636,0.9911,0.8162,0.7467
1,23150001,23175000,23162152,1166,286,129.5681,0.486,0.9925,0.7017,0.6444
1,23175001,23200000,23186933,1056,324,149.367,2.3734,0.9687,0.7729,0.6827
1,24375001,24400000,24387278,944,339,101.8451,15.2736,0.7392,0.5344,0.4309
1,24575001,24600000,24587076,1112,304,90.7746,8.7937,0.8234,0.4544,0.3767
1,24600001,24625000,24612713,917,322,116.2407,8.7368,0.8602,0.6028,0.5156
1,26750001,26775000,26760514,1350,269,136.3968,1.4054,0.9796,0.8299,0.7396
1,26775001,26800000,26787111,824,252,126.0873,2.5902,0.9597,0.7976,0.7165
1,26800001,26825000,26812542,1022,258,124.461,0.726,0.9884,0.7732,0.6664
1,26825001,26850000,26837277,981,356,185.5492,3.3012,0.965,0.8369,0.7535
1,26850001,26875000,26863127,941,343,210.4732,3.8413,0.9642,0.8585,0.7885
1,26875001,26900000,26888136,774,263,127.2835,0.796,0.9876,0.8121,0.7292
1,27025001,27050000,27037521,1229,293,143.536,1.4524,0.98,0.7487,0.6855
1,27100001,27125000,27111695,1146,255,126.2335,1.1032,0.9827,0.7181,0.6711
1,27800001,27825000,27814359,950,306,124.6455,0.0,1.0,0.7393,0.7393
1,28075001,28100000,28088900,1361,252,55.6261,0.0,1.0,0.4231,0.4231
1,28125001,28150000,28136660,1670,289,64.1169,0.0,1.0,0.4675,0.4675
1,28575001,28600000,28587300,958,319,162.0014,1.5726,0.9808,0.8006,0.7338
1,28600001,28625000,28613132,948,328,162.4389,1.8254,0.9778,0.8012,0.7166
1,29975001,30000000,29986199,952,258,134.9305,1.1773,0.9827,0.9321,0.8364
1,30150001,30175000,30163879,924,323,142.4645,1.381,0.9808,0.7591,0.6039
1,30375001,30400000,30386568,1030,274,171.8893,1.3016,0.985,0.8744,0.8069
1,30550001,30575000,30561728,977,262,137.0564,1.0952,0.9841,0.7868,0.6871
1,30675001,30700000,30688228,1017,278,163.7302,0.0882,0.9989,0.8159,0.7349
1,30700001,30725000,30713106,823,267,125.146,0.3095,0.9951,0.8468,0.7228
1,30725001,30750000,30737826,1041,307,158.1344,1.3254,0.9834,0.877,0.7157
1,31275001,31300000,31285507,880,275,35.3624,3.7563,0.808,0.2153,0.2031
