scaffold,start,end,mid,sites,sitesUsed,ABBA,BABA,D,fd,fdM
15,5025001,5050000,5037709,847,262,32.9222,5.3651,0.7197,0.1757,0.1538
15,5150001,5175000,5163270,947,270,18.0079,12.2821,0.189,0.0469,0.0316
15,5175001,5200000,5186497,959,265,14.7272,14.4451,0.0097,0.003,0.0017
15,5200001,5225000,5213467,1076,366,32.9286,19.818,0.2486,0.0724,0.0454
15,5225001,5250000,5237366,1029,419,15.8059,21.1979,-0.1457,-0.039,-0.0226
15,5950001,5975000,5962319,1071,267,13.7253,8.2143,0.2512,0.0407,0.0288
15,5975001,6000000,5987350,1046,299,13.0239,13.3769,-0.0134,-0.0028,-0.0019
15,6075001,6100000,6087217,1185,311,15.0,14.3175,0.0233,0.0051,0.0031
15,6100001,6125000,6112457,1094,254,10.619,5.5397,0.3143,0.0331,0.0254
15,6150001,6175000,6162834,1272,263,9.0,21.8968,-0.4174,-0.0945,-0.0602
15,6175001,6200000,6185266,1020,277,12.0,16.0044,-0.143,-0.0271,-0.0185
15,6250001,6275000,6263444,1119,255,12.9048,20.0079,-0.2158,-0.0512,-0.0343
15,6925001,6950000,6936334,906,273,35.9999,5.2857,0.7439,0.1922,0.1744
15,6950001,6975000,6962572,897,266,37.0317,4.0,0.805,0.2251,0.1912
15,6975001,7000000,6988389,870,253,35.0703,6.0,0.7078,0.1996,0.1646
15,7000001,7025000,7012801,1106,267,25.4921,13.0317,0.3234,0.1009,0.0781
15,7025001,7050000,7037368,947,308,39.9561,5.3571,0.7636,0.2079,0.1824
15,7400001,7425000,7413449,1150,260,37.9912,8.8703,0.6214,0.2353,0.1849
15,7725001,7750000,7737023,1094,325,58.0352,4.2778,0.8627,0.2756,0.2506
15,8850001,8875000,8862331,1016,374,19.4841,17.5635,0.0518,0.0124,0.0076
15,8875001,8900000,8887441,1020,409,15.0238,21.5024,-0.1774,-0.0336,-0.0218
15,8900001,8925000,8911963,1100,281,28.9875,5.8095,0.6661,0.1889,0.1435
15,9075001,9100000,9087779,1271,285,6.4492,3.6823,0.2731,0.0296,0.018
15,9100001,9125000,9114004,1281,384,10.1019,6.589,0.2105,0.0248,0.0164
15,9625001,9650000,9637283,1112,384,18.6029,21.727,-0.0775,-0.0194,-0.0116
15,9650001,9675000,9661926,1180,333,19.1301,21.5064,-0.0585,-0.0186,-0.0109
15,9675001,9700000,9686827,1166,352,62.3313,7.2143,0.7925,0.2771,0.2427
15,9900001,9925000,9911921,1026,344,68.0312,7.4921,0.8016,0.2753,0.2392
15,11050001,11075000,11063817,1052,304,95.4075,4.2143,0.9154,0.4339,0.3859
15,11875001,11900000,11887770,1130,290,24.5201,16.9424,0.1828,0.064,0.0398
15,11900001,11925000,11911828,1085,268,14.0,16.6988,-0.0879,-0.0217,-0.0139
15,11950001,11975000,11962981,995,285,11.9286,7.8109,0.2086,0.0329,0.0224
15,11975001,12000000,11988223,970,285,21.5152,15.6111,0.159,0.0491,0.0296
15,12075001,12100000,12087451,865,258,11.4735,11.7959,-0.0139,-0.003,-0.0019
15,12325001,12350000,12337187,1015,377,29.1444,16.0726,0.2891,0.0744,0.0517
15,12350001,12375000,12361565,1078,260,16.373,8.2778,0.3284,0.0628,0.0432
15,12425001,12450000,12437374,979,315,62.1449,7.5317,0.7838,0.2487,0.2276
15,12525001,12550000,12537259,1069,314,47.9919,6.0,0.7777,0.2232,0.198
15,12550001,12575000,12562519,1147,260,48.9286,7.5198,0.7336,0.2415,0.2062
15,12850001,12875000,12862442,884,301,39.9206,6.3493,0.7256,0.2144,0.1806
15,12875001,12900000,12887592,968,252,36.5846,6.2908,0.7066,0.2157,0.1899
15,13125001,13150000,13137226,1027,270,17.8129,8.5556,0.3511,0.0623,0.0426
15,13150001,13175000,13159770,731,263,13.3952,20.1746,-0.202,-0.0521,-0.0332
15,13300001,13325000,13312676,1033,296,13.6454,18.0163,-0.138,-0.0383,-0.0241
15,13325001,13350000,13337571,961,356,15.1037,16.2289,-0.0359,-0.0072,-0.0051
15,13350001,13375000,13362998,1195,337,20.5794,13.4206,0.2106,0.0453,0.0315
15,13375001,13400000,13385559,931,303,12.6777,13.4249,-0.0286,-0.0063,-0.0039
15,13400001,13425000,13413080,1083,278,11.1022,10.8284,0.0125,0.0023,0.0015
15,13750001,13775000,13762190,1185,281,11.4365,3.4128,0.5403,0.0814,0.0535
15,13775001,13800000,13787668,1089,351,37.0362,9.1359,0.6043,0.1889,0.1451
15,13850001,13875000,13863165,1178,313,31.0159,5.2698,0.7095,0.1898,0.1534
15,13875001,13900000,13887536,1115,327,45.7706,8.3805,0.6905,0.2313,0.1867
15,13925001,13950000,13936593,1109,316,60.2857,6.0556,0.8174,0.3094,0.2615
15,13975001,14000000,13987102,1111,274,34.7298,7.3653,0.6501,0.2288,0.1896
15,14025001,14050000,14037527,1148,333,42.0159,6.6513,0.7267,0.2339,0.1904
15,14050001,14075000,14062441,1198,277,44.4605,5.2143,0.7901,0.2699,0.2385
15,14150001,14175000,14162041,1092,271,22.3254,15.1354,0.1919,0.0653,0.0432
15,14175001,14200000,14186381,996,260,17.3226,19.4133,-0.0569,-0.0184,-0.0115
15,14200001,14225000,14212255,1105,277,22.6732,18.8583,0.0919,0.035,0.022
15,14225001,14250000,14238813,1321,380,11.8651,20.7693,-0.2728,-0.0615,-0.0395
15,14250001,14275000,14262534,998,402,12.9603,24.0754,-0.3001,-0.0542,-0.0396
15,14275001,14300000,14287314,1056,367,37.3175,27.294,0.1551,0.0566,0.0394
15,14625001,14650000,14636943,1132,284,13.6374,13.8092,-0.0063,-0.0013,-0.0009
15,14850001,14875000,14862528,1146,292,37.5397,6.2773,0.7135,0.1969,0.1563
15,15075001,15100000,15087696,967,334,16.1434,10.0476,0.2327,0.0409,0.0257
15,15100001,15125000,15113634,1153,287,8.9762,7.0748,0.1185,0.0169,0.0112
15,15525001,15550000,15537469,1016,319,45.8967,17.1794,0.4553,0.1886,0.1363
15,15550001,15575000,15562560,960,286,51.3964,6.127,0.787,0.2664,0.2239
15,15575001,15600000,15587710,988,351,69.6585,13.3786,0.6778,0.2751,0.2208
15,15600001,15625000,15612138,1072,338,56.352,7.8333,0.7559,0.2613,0.2267
15,15625001,15650000,15636501,1031,280,50.8492,9.302,0.6907,0.3119,0.252
15,15650001,15675000,15662421,933,282,39.8201,7.7619,0.6737,0.2359,0.1918
15,15700001,15725000,15713023,909,295,36.6746,11.1032,0.5352,0.1711,0.144
15,15725001,15750000,15736445,943,363,59.4127,7.3889,0.7788,0.2809,0.2317
15,16350001,16375000,16362213,951,343,21.0486,9.3596,0.3844,0.0726,0.0483
15,16375001,16400000,16387560,924,365,18.0,16.246,0.0512,0.011,0.0075
15,16400001,16425000,16412684,761,277,22.5429,9.0317,0.4279,0.1011,0.0742
15,16850001,16875000,16862495,1038,311,53.5716,8.8731,0.7158,0.2209,0.1863
15,16875001,16900000,16885883,893,304,32.3632,4.2063,0.77,0.1604,0.1305
15,16900001,16925000,16912957,970,342,29.9603,21.5612,0.163,0.0597,0.037
15,16925001,16950000,16938448,868,297,11.6249,12.1345,-0.0215,-0.0045,-0.0027
15,16950001,16975000,16962410,952,294,9.0,11.9315,-0.1401,-0.0231,-0.0145
15,16975001,17000000,16987991,1082,370,28.6792,19.156,0.1991,0.0573,0.0351
15,17975001,18000000,17988058,948,273,18.9103,14.3812,0.136,0.0343,0.0215
15,18000001,18025000,18012511,863,354,36.0238,11.927,0.5025,0.1244,0.0875
15,18475001,18500000,18488133,894,317,47.706,7.0873,0.7413,0.2137,0.1788
15,18500001,18525000,18512903,995,341,52.6984,5.1193,0.8229,0.2417,0.2069
15,18550001,18575000,18562658,1009,334,48.6306,5.6587,0.7915,0.2139,0.1817
15,18600001,18625000,18613047,936,399,71.5385,14.5635,0.6617,0.2683,0.2151
15,18650001,18675000,18662519,1279,375,22.0256,15.456,0.1753,0.0419,0.0262
15,18675001,18700000,18689002,840,334,19.1738,20.2026,-0.0261,-0.0069,-0.0045
15,18700001,18725000,18712714,1107,479,24.7437,17.8454,0.162,0.0355,0.023
15,18725001,18750000,18737684,959,333,9.7674,12.1398,-0.1083,-0.0183,-0.0117
15,18750001,18775000,18762250,751,313,18.9352,4.9127,0.588,0.0974,0.074
15,19650001,19675000,19661131,720,323,27.7532,3.1822,0.7943,0.2665,0.2425
15,20000001,20025000,20013609,572,286,21.5704,14.478,0.1967,0.0616,0.0472
15,20025001,20050000,20036516,826,265,27.7116,7.619,0.5687,0.1456,0.1241
15,21275001,21300000,21286645,1001,368,16.952,14.8097,0.0674,0.0293,0.0159
15,21350001,21375000,21361556,447,267,8.2689,3.7934,0.371,0.0941,0.0668
15,21400001,21425000,21412759,457,252,6.08,6.5794,-0.0394,-0.0071,-0.0052
15,23575001,23600000,23586947,646,302,25.7558,8.7949,0.4909,0.1425,0.1011
15,23625001,23650000,23637305,519,291,18.9524,7.1257,0.4535,0.13,0.0953
15,23675001,23700000,23690009,521,269,11.8738,15.8258,-0.1427,-0.0406,-0.0284
15,23700001,23725000,23713889,855,454,16.5477,18.4528,-0.0544,-0.0182,-0.0106
15,23725001,23750000,23736002,640,381,22.0896,9.7985,0.3854,0.1228,0.0902
15,23750001,23775000,23763994,680,342,20.8524,9.4926,0.3744,0.1389,0.0921
15,23775001,23800000,23788183,752,303,14.0232,11.0086,0.1204,0.0419,0.0271
15,23800001,23825000,23812296,767,329,44.5474,8.7701,0.671,0.2634,0.2084
15,24100001,24125000,24113830,616,269,36.2794,2.7778,0.8578,0.2799,0.2496
15,24850001,24875000,24862837,560,300,19.1116,2.5714,0.7628,0.1933,0.16
15,24875001,24900000,24886776,560,324,19.2587,1.9262,0.8182,0.2323,0.1753
15,24950001,24975000,24961325,606,281,26.7768,3.3651,0.7767,0.2682,0.2132
15,25000001,25025000,25012507,728,292,31.2849,3.9034,0.7781,0.2593,0.2266
15,25025001,25050000,25036445,660,305,32.1798,2.754,0.8423,0.2587,0.2273
15,25075001,25100000,25087549,586,261,15.8661,4.4507,0.5619,0.1996,0.1686
15,25675001,25700000,25688955,523,254,29.3764,0.5873,0.9608,0.3305,0.2922
15,25775001,25800000,25788585,560,259,25.3904,1.7302,0.8724,0.3027,0.2799
15,26175001,26200000,26184998,903,281,24.8134,5.6011,0.6317,0.1775,0.1463
15,26225001,26250000,26239212,803,312,33.6216,5.3152,0.727,0.2503,0.22
15,26250001,26275000,26263348,864,423,37.5821,11.953,0.5174,0.2052,0.1621
15,26275001,26300000,26286298,773,360,27.8645,11.3529,0.421,0.1299,0.0995
15,26300001,26325000,26312920,769,252,32.2468,12.254,0.4493,0.1426,0.1208
15,26325001,26350000,26335413,603,265,40.8454,6.5462,0.7237,0.2747,0.2248
15,26350001,26375000,26364971,1141,505,102.1914,3.4403,0.9349,0.4148,0.3755
15,26375001,26400000,26384517,878,388,62.3368,2.8968,0.9112,0.3776,0.3267
15,26450001,26475000,26463293,682,272,33.0734,1.7888,0.8974,0.2266,0.2062
15,26475001,26500000,26487526,738,253,57.3168,2.3095,0.9225,0.3342,0.2897
15,26500001,26525000,26513380,807,268,38.6349,7.7381,0.6663,0.2582,0.2103
15,26525001,26550000,26536606,762,305,24.9483,10.3831,0.4122,0.1361,0.1038
15,26550001,26575000,26561648,605,256,22.7125,6.7711,0.5407,0.1556,0.1285
15,26600001,26625000,26612709,999,302,49.9206,11.3369,0.6299,0.2767,0.2092
15,26650001,26675000,26663104,751,259,25.6852,7.5979,0.5434,0.1856,0.1595
15,26725001,26750000,26737318,753,343,58.0154,1.0956,0.9629,0.3491,0.3231
15,27425001,27450000,27436112,673,363,34.5433,4.9524,0.7492,0.2784,0.2366
15,27475001,27500000,27488153,660,366,28.1568,3.0613,0.8039,0.2145,0.1822
15,28050001,28075000,28063078,701,252,37.594,6.1269,0.7197,0.2615,0.2366
15,28525001,28550000,28537220,583,253,29.7187,3.0868,0.8118,0.3476,0.2988
15,28550001,28575000,28562248,573,286,24.4712,3.6032,0.7433,0.2325,0.1923
15,28575001,28600000,28588226,715,264,34.5028,4.775,0.7569,0.3378,0.2951
