scaffold,start,end,mid,sites,sitesUsed,ABBA,BABA,D,fd,fdM
10,1725001,1750000,1737650,986,259,38.2698,2.5794,0.8737,0.219,0.1957
10,1775001,1800000,1787119,1091,292,33.8968,6.3254,0.6855,0.1781,0.1464
10,2575001,2600000,2587633,1164,340,61.7451,3.7698,0.8849,0.3028,0.2787
10,2650001,2675000,2662592,958,272,45.4912,3.8492,0.844,0.2797,0.2536
10,2675001,2700000,2687738,1051,363,55.5902,9.2239,0.7154,0.2372,0.2063
10,2775001,2800000,2787554,1064,275,37.7775,0.5159,0.9731,0.2353,0.2074
10,2900001,2925000,2912774,1044,319,53.5931,2.2302,0.9201,0.2992,0.2636
10,2950001,2975000,2962991,1117,347,56.0088,7.5969,0.7611,0.2546,0.2277
10,2975001,3000000,2987207,1055,309,58.5556,3.0476,0.9011,0.2787,0.246
10,3000001,3025000,3013070,1116,278,43.0273,4.381,0.8152,0.2221,0.2075
10,3125001,3150000,3137476,1010,270,44.804,6.5238,0.7458,0.2484,0.211
10,3175001,3200000,3188026,1067,279,68.119,11.2222,0.7171,0.3896,0.3221
10,4525001,4550000,4537492,1144,306,49.6284,5.1261,0.8128,0.2601,0.2333
10,4800001,4825000,4812019,1056,341,37.7102,4.1746,0.8007,0.1756,0.153
10,4825001,4850000,4837234,1203,286,36.3889,6.4444,0.6991,0.2204,0.1856
10,4875001,4900000,4887769,1223,388,74.3243,8.3468,0.7981,0.3121,0.2725
10,4900001,4925000,4912879,1146,316,57.414,5.4206,0.8275,0.3046,0.2647
10,4925001,4950000,4937954,1068,317,54.8768,9.6528,0.7008,0.2922,0.2411
10,4950001,4975000,4961864,1175,269,43.7253,2.4365,0.8944,0.3078,0.2602
10,4975001,5000000,4987301,1174,375,70.3146,6.5556,0.8294,0.3061,0.2703
10,5000001,5025000,5011950,1109,298,45.0397,3.5745,0.8529,0.2747,0.2435
10,5025001,5050000,5037444,1369,330,54.8398,7.4135,0.7618,0.2491,0.2155
10,5075001,5100000,5086602,979,283,53.7774,4.5476,0.8441,0.301,0.2677
10,5350001,5375000,5362342,1015,280,26.4133,8.1519,0.5283,0.1448,0.1142
10,5475001,5500000,5488146,892,271,32.5397,11.4524,0.4793,0.152,0.1081
10,5725001,5750000,5737207,1091,262,16.5061,14.1292,0.0776,0.0197,0.0143
10,5750001,5775000,5762493,1013,324,21.3651,12.4286,0.2644,0.0535,0.0361
10,5775001,5800000,5787862,972,362,28.6819,14.4066,0.3313,0.0716,0.0514
10,5800001,5825000,5811980,891,293,17.0,16.3904,0.0183,0.0039,0.0027
10,5825001,5850000,5838784,1004,285,21.9944,12.378,0.2798,0.0705,0.0455
10,5900001,5925000,5911601,1178,279,33.4448,5.3492,0.7242,0.216,0.178
10,5950001,5975000,5962126,1020,367,66.0556,4.873,0.8626,0.2887,0.2587
10,5975001,6000000,5987906,1040,251,45.3093,1.3975,0.9402,0.2901,0.2634
10,6000001,6025000,6012636,986,319,45.2957,7.7111,0.7091,0.2302,0.2019
10,6575001,6600000,6587850,1064,313,51.9583,3.707,0.8668,0.2691,0.231
10,6625001,6650000,6637360,921,364,58.3614,3.4252,0.8891,0.2713,0.2299
10,6650001,6675000,6662367,1028,369,49.1487,4.2381,0.8412,0.2358,0.1909
10,6675001,6700000,6686805,1058,428,73.6349,6.9762,0.8269,0.2536,0.2182
10,6700001,6725000,6712278,1003,379,72.2096,3.0476,0.919,0.2819,0.2634
10,7050001,7075000,7063280,902,348,75.8457,3.0079,0.9237,0.305,0.2804
10,7125001,7150000,7137573,890,273,56.8208,3.1905,0.8937,0.2746,0.2548
10,7150001,7175000,7162696,1067,255,55.8571,6.0159,0.8055,0.2625,0.2433
10,7175001,7200000,7186465,803,262,49.4567,7.0725,0.7498,0.2867,0.2438
10,7200001,7225000,7212591,1037,363,36.3094,11.8463,0.508,0.1368,0.1094
10,7225001,7250000,7237353,905,301,43.9921,8.0476,0.6907,0.224,0.1875
10,7250001,7275000,7262733,998,279,28.3968,7.8571,0.5665,0.1187,0.098
10,7275001,7300000,7287264,1011,363,39.2148,8.2701,0.6517,0.1887,0.1461
10,7300001,7325000,7312077,1036,347,41.4406,12.7905,0.5283,0.1932,0.1547
10,7325001,7350000,7337244,880,252,35.7401,9.4206,0.5828,0.1971,0.1622
10,7350001,7375000,7362366,1144,348,65.8783,9.5104,0.7477,0.2516,0.2172
10,8050001,8075000,8062623,1048,315,14.1587,11.8824,0.0874,0.0213,0.0136
10,8075001,8100000,8087716,1059,388,14.6349,12.5871,0.0752,0.0116,0.0081
10,8100001,8125000,8112762,1021,332,9.4143,11.5783,-0.1031,-0.0136,-0.0092
10,8125001,8150000,8136699,928,376,13.2143,10.8603,0.0978,0.0144,0.0098
10,8150001,8175000,8162918,953,287,10.9428,10.4707,0.022,0.0041,0.0027
10,8200001,8225000,8212106,851,279,48.2138,4.254,0.8378,0.2866,0.2503
10,8225001,8250000,8238425,757,256,35.9699,8.9462,0.6016,0.1662,0.1407
10,8525001,8550000,8538066,1035,363,21.8254,16.6067,0.1358,0.0287,0.0202
10,8575001,8600000,8586733,918,351,39.3975,6.5873,0.7135,0.17,0.1474
10,8600001,8625000,8612992,943,254,41.5556,4.0,0.8244,0.226,0.205
10,8800001,8825000,8812230,978,363,35.2222,5.6508,0.7235,0.1771,0.1385
10,8825001,8850000,8837697,992,290,13.6349,2.1508,0.7275,0.1112,0.0702
10,8850001,8875000,8862164,890,394,17.2008,1.6152,0.8283,0.0842,0.068
10,9075001,9100000,9087161,951,316,59.1688,1.4762,0.9513,0.3025,0.2787
10,9150001,9175000,9161948,1036,358,49.9683,10.0591,0.6648,0.1964,0.1639
10,9175001,9200000,9188126,1065,351,13.4641,21.6045,-0.2321,-0.0579,-0.0355
10,9200001,9225000,9211748,1020,398,10.8071,28.3263,-0.4477,-0.1092,-0.0687
10,9225001,9250000,9238089,684,343,13.2857,5.5316,0.4121,0.0616,0.0424
10,9250001,9275000,9261837,788,411,15.4524,13.9951,0.0495,0.0106,0.0065
10,9275001,9300000,9286586,630,328,15.0794,10.3479,0.1861,0.031,0.0231
10,9300001,9325000,9312671,814,372,7.4444,20.7778,-0.4724,-0.0908,-0.0597
10,9350001,9375000,9362061,1052,332,12.2619,15.3644,-0.1123,-0.0209,-0.0142
10,9375001,9400000,9387282,829,330,9.0,15.9841,-0.2795,-0.0459,-0.0312
10,9475001,9500000,9487386,1039,265,11.1094,10.1842,0.0435,0.0069,0.0051
10,9525001,9550000,9538115,806,295,11.254,13.0489,-0.0739,-0.0119,-0.008
10,9550001,9575000,9561989,764,273,15.9762,11.3726,0.1683,0.0402,0.0245
10,9575001,9600000,9587887,1070,263,13.6667,13.9622,-0.0107,-0.0028,-0.0016
10,9625001,9650000,9638092,828,269,31.5038,7.1193,0.6313,0.1681,0.133
10,9650001,9675000,9662580,812,361,53.5173,6.0317,0.7974,0.2296,0.2121
10,9675001,9700000,9687582,896,371,75.0127,8.544,0.7955,0.2971,0.255
10,9700001,9725000,9713148,846,319,39.6654,7.746,0.6732,0.1615,0.1406
10,9725001,9750000,9737466,1201,317,35.9593,10.1973,0.5581,0.1857,0.1471
10,9750001,9775000,9762499,952,292,62.8527,5.1759,0.8478,0.2861,0.2552
10,9775001,9800000,9788792,764,295,54.5144,6.9177,0.7748,0.2844,0.2442
10,9800001,9825000,9813031,878,254,61.3487,4.0794,0.8753,0.3281,0.2958
10,9850001,9875000,9862435,876,308,57.7296,4.6234,0.8517,0.2796,0.2532
10,9875001,9900000,9888334,901,282,51.8842,7.0116,0.7619,0.2551,0.2203
10,9900001,9925000,9911838,802,297,46.8474,4.9543,0.8087,0.2191,0.1926
10,9925001,9950000,9938647,857,384,55.2619,3.9921,0.8653,0.1992,0.1841
10,9950001,9975000,9962581,950,297,48.1728,1.2857,0.948,0.2728,0.2561
10,10025001,10050000,10037307,812,291,50.6349,3.1984,0.8812,0.2518,0.2112
10,10050001,10075000,10062069,874,321,61.8651,13.3742,0.6445,0.2171,0.1852
10,10750001,10775000,10762586,1051,368,40.8738,7.6146,0.6859,0.1804,0.1522
10,10825001,10850000,10837484,625,283,25.9763,7.1429,0.5687,0.1548,0.1357
10,10850001,10875000,10863812,720,292,34.4465,4.3254,0.7769,0.194,0.1705
10,10875001,10900000,10888935,516,250,28.8038,2.0397,0.8677,0.1925,0.1726
10,10900001,10925000,10912122,712,313,33.254,3.0,0.8345,0.1816,0.1666
10,10925001,10950000,10936617,938,297,32.0159,5.127,0.7239,0.1702,0.1445
10,10950001,10975000,10963159,747,362,17.81,5.8333,0.5066,0.0772,0.0635
10,11175001,11200000,11188639,875,319,39.6281,11.5714,0.548,0.1601,0.1377
10,11200001,11225000,11212007,922,346,44.2551,6.8175,0.733,0.1664,0.1472
10,11225001,11250000,11237158,825,298,43.6167,7.0636,0.7212,0.1826,0.1622
10,11250001,11275000,11263036,901,299,35.7937,9.6343,0.5758,0.1431,0.1185
10,11300001,11325000,11312534,858,334,51.5321,12.9921,0.5973,0.182,0.1553
10,11325001,11350000,11337593,740,339,44.8651,2.0,0.9146,0.1899,0.1709
10,11400001,11425000,11412297,831,341,47.9206,9.9762,0.6554,0.1997,0.17
10,11425001,11450000,11437385,833,286,29.9365,6.0556,0.6635,0.1421,0.1181
10,11450001,11475000,11462444,752,273,31.754,6.1508,0.6755,0.1534,0.134
10,11775001,11800000,11787557,932,321,23.4603,13.5402,0.2681,0.062,0.0439
10,11800001,11825000,11812416,827,375,55.523,6.7302,0.7838,0.2214,0.1937
10,11825001,11850000,11838437,1051,336,57.3532,11.3456,0.6697,0.2559,0.2003
10,11850001,11875000,11861645,829,308,35.595,8.5814,0.6115,0.1642,0.135
10,11900001,11925000,11912289,907,332,81.1834,4.1746,0.9022,0.3658,0.3296
10,11925001,11950000,11937630,813,275,52.2115,6.5635,0.7767,0.2514,0.2267
10,11975001,12000000,11986888,839,318,57.4127,14.0238,0.6074,0.2079,0.1724
10,12025001,12050000,12036786,908,378,44.6239,13.9608,0.5234,0.1606,0.1203
10,12050001,12075000,12061620,1066,299,46.7653,0.7381,0.9689,0.3221,0.2966
10,12075001,12100000,12088349,726,313,45.0334,11.2462,0.6003,0.1779,0.1514
10,12100001,12125000,12113238,859,304,34.3254,10.5635,0.5293,0.1471,0.1205
10,12125001,12150000,12136948,893,292,35.9424,5.2143,0.7466,0.2042,0.1745
10,12400001,12425000,12411654,1031,301,58.7137,3.0344,0.9017,0.296,0.2735
10,12525001,12550000,12537415,1000,279,48.7532,10.1825,0.6545,0.2338,0.1917
10,12575001,12600000,12589479,886,260,26.1131,2.4127,0.8308,0.1627,0.14
10,12650001,12675000,12662840,944,255,38.1508,14.9679,0.4364,0.1718,0.1295
10,12750001,12775000,12761865,1162,327,31.907,7.8956,0.6033,0.1598,0.136
10,12775001,12800000,12786955,1265,361,43.2536,11.5873,0.5774,0.1675,0.1403
10,12900001,12925000,12910082,1829,269,12.3184,9.3134,0.1389,0.027,0.0186
10,12925001,12950000,12937226,1080,316,19.483,9.1939,0.3588,0.0963,0.066
10,12950001,12975000,12961884,1018,393,17.3279,16.6984,0.0185,0.0043,0.0031
10,12975001,13000000,12987242,1094,267,14.3968,9.6954,0.1951,0.0511,0.0307
10,13125001,13150000,13137331,990,302,38.7698,5.4603,0.7531,0.2255,0.183
10,13150001,13175000,13162225,1032,295,29.9702,4.7665,0.7256,0.1895,0.157
10,13175001,13200000,13188351,944,311,39.1527,6.2871,0.7233,0.2822,0.2332
10,13225001,13250000,13236548,987,330,36.9101,10.1893,0.5673,0.1717,0.1477
10,13275001,13300000,13287699,1053,268,35.9077,6.4392,0.6959,0.2514,0.2054
10,13300001,13325000,13310347,769,270,31.4537,4.0,0.7744,0.2543,0.2197
10,13325001,13350000,13337827,1079,287,34.3473,9.0238,0.5839,0.1911,0.1516
10,13375001,13400000,13386622,828,321,28.5742,9.9762,0.4824,0.1336,0.1096
10,13400001,13425000,13412490,813,367,36.1614,4.8413,0.7639,0.2258,0.1737
10,13425001,13450000,13437429,823,322,49.5014,1.7698,0.931,0.289,0.2571
10,13475001,13500000,13487549,1032,379,47.2171,8.4253,0.6972,0.1929,0.1648
10,13500001,13525000,13513180,737,356,35.6508,8.4603,0.6164,0.1746,0.1431
10,13700001,13725000,13710693,854,281,47.2857,5.8254,0.7806,0.232,0.2012
10,13725001,13750000,13738502,972,395,28.663,25.4707,0.059,0.0167,0.0112
10,13750001,13775000,13762279,1002,325,26.1032,14.349,0.2906,0.0914,0.0553
10,13825001,13850000,13837857,1069,376,25.7381,34.5681,-0.1464,-0.0505,-0.0315
10,13900001,13925000,13910089,1081,271,42.565,13.4603,0.5195,0.1971,0.1611
10,13925001,13950000,13937405,1098,362,49.5991,5.4683,0.8014,0.2311,0.1942
10,13950001,13975000,13962327,941,435,46.5268,6.8021,0.7449,0.2181,0.1825
10,13975001,14000000,13988224,988,383,57.8714,7.5205,0.77,0.2806,0.2386
10,14000001,14025000,14011631,857,364,36.4365,12.3254,0.4945,0.1517,0.1164
10,14025001,14050000,14037575,981,330,47.1792,10.2277,0.6437,0.2171,0.1777
10,14050001,14075000,14061392,1239,352,43.5901,7.9009,0.6931,0.2206,0.1743
10,14075001,14100000,14087136,863,378,38.9983,8.4497,0.6438,0.18,0.1552
10,14100001,14125000,14110869,1023,343,36.8936,9.0811,0.605,0.182,0.1505
10,14125001,14150000,14139335,863,250,36.1235,11.3452,0.522,0.1898,0.1491
10,14150001,14175000,14162656,1115,340,48.7962,9.7459,0.667,0.2212,0.1836
10,14175001,14200000,14188300,914,398,67.9528,6.5667,0.8238,0.316,0.2664
10,14200001,14225000,14213877,1191,340,55.5116,7.5406,0.7608,0.3104,0.247
10,14600001,14625000,14612160,1016,348,48.8994,11.5768,0.6171,0.219,0.1751
10,14625001,14650000,14637586,1001,351,38.3317,9.1984,0.6129,0.1828,0.1445
10,14650001,14675000,14662587,982,363,32.3647,5.5723,0.7062,0.1572,0.1285
10,14675001,14700000,14687821,900,307,56.8801,2.5306,0.9148,0.306,0.2787
10,14700001,14725000,14712683,841,359,44.7727,0.0,1.0,0.2608,0.252
10,14725001,14750000,14737903,997,432,53.684,6.9561,0.7706,0.2454,0.2076
10,18375001,18400000,18389833,725,259,24.7429,6.0469,0.6072,0.2211,0.1654
10,20875001,20900000,20887452,993,534,43.3428,7.874,0.6925,0.1962,0.1676
10,22475001,22500000,22486277,521,279,24.2302,4.3604,0.695,0.2615,0.2244
10,22500001,22525000,22512175,507,256,27.0355,2.6587,0.8209,0.3894,0.3097
10,23925001,23950000,23938888,963,290,48.6418,12.5639,0.5895,0.1862,0.1639
10,23950001,23975000,23962830,855,264,27.2753,10.3095,0.4514,0.1106,0.0783
10,24250001,24275000,24263118,1019,254,27.0952,8.8029,0.5096,0.1415,0.0898
10,24600001,24625000,24612398,1119,335,50.7222,14.3254,0.5595,0.1948,0.1562
10,24650001,24675000,24662307,878,258,38.7857,9.0317,0.6222,0.1848,0.1541
10,25050001,25075000,25062692,987,259,40.0633,7.6518,0.6793,0.2481,0.1985
10,25075001,25100000,25087562,1111,281,55.8194,8.2906,0.7414,0.3065,0.2571
10,25125001,25150000,25136840,1159,344,44.6276,7.1813,0.7228,0.2213,0.1852
10,25175001,25200000,25187643,959,269,35.7375,6.0397,0.7109,0.1976,0.1722
10,25200001,25225000,25212708,958,357,70.3321,7.2076,0.8141,0.2889,0.2515
10,25225001,25250000,25237092,854,251,51.4958,4.5109,0.8389,0.2951,0.2529
10,25250001,25275000,25263058,993,302,48.8424,7.9524,0.72,0.2171,0.1827
10,25275001,25300000,25288138,1065,266,49.1563,10.0303,0.6611,0.2613,0.2179
10,25350001,25375000,25363616,1010,353,49.8419,6.1362,0.7808,0.1984,0.1773
10,25375001,25400000,25387150,1029,315,70.0476,6.9206,0.8202,0.3052,0.2757
10,25450001,25475000,25461989,998,328,46.7209,7.3468,0.7282,0.1989,0.1717
10,25475001,25500000,25487541,949,264,36.2467,5.0714,0.7545,0.1979,0.1775
10,25500001,25525000,25512561,1100,327,50.4161,5.0913,0.8166,0.2264,0.1955
10,25550001,25575000,25562421,1053,351,54.1468,5.8717,0.8043,0.2366,0.2074
10,25575001,25600000,25587697,1008,288,51.9524,1.0805,0.9593,0.3058,0.2685
10,25600001,25625000,25611727,1028,347,57.7176,15.2143,0.5828,0.1877,0.1599
10,25625001,25650000,25637778,953,304,50.254,5.1032,0.8156,0.2384,0.2114
10,26075001,26100000,26087711,920,336,53.7373,11.9365,0.6365,0.1788,0.1602
10,26100001,26125000,26112070,1136,327,47.6148,3.9432,0.847,0.2108,0.1921
10,26125001,26150000,26137342,1050,386,56.9718,4.2222,0.862,0.2442,0.2176
10,26150001,26175000,26161579,890,308,44.9371,5.1111,0.7958,0.1929,0.1758
10,26175001,26200000,26187098,905,272,33.4796,3.0397,0.8335,0.1694,0.1532
10,26200001,26225000,26213373,831,300,45.9435,9.8548,0.6468,0.2038,0.1767
10,26225001,26250000,26236880,1000,312,18.1429,11.2096,0.2362,0.0497,0.0371
10,26250001,26275000,26262201,976,314,33.3473,16.3567,0.3418,0.1091,0.0851
10,26275001,26300000,26288151,912,275,19.3089,5.746,0.5413,0.1149,0.0915
10,26300001,26325000,26312839,978,349,18.7222,14.2078,0.1371,0.0279,0.0187
10,26325001,26350000,26337788,1055,372,12.4361,20.2194,-0.2383,-0.0492,-0.0315
10,26350001,26375000,26363287,1048,320,18.7763,12.9051,0.1853,0.0403,0.029
10,26375001,26400000,26387266,1046,377,23.9214,20.8166,0.0694,0.0176,0.0117
10,26400001,26425000,26412755,849,325,12.0397,17.1766,-0.1758,-0.0365,-0.025
10,26425001,26450000,26437326,1016,384,15.9524,21.1441,-0.14,-0.0301,-0.0194
10,26450001,26475000,26462661,1056,348,25.873,15.8269,0.2409,0.0576,0.0383
10,26475001,26500000,26487490,1079,409,23.9169,15.23,0.2219,0.0485,0.0332
10,26500001,26525000,26512564,1152,268,18.0945,10.373,0.2712,0.0616,0.043
10,26525001,26550000,26537605,1011,299,36.8181,9.1439,0.6021,0.1775,0.1494
10,26550001,26575000,26562843,1085,266,25.3227,4.8944,0.6761,0.1778,0.1582
10,26575001,26600000,26587926,1145,314,46.4498,7.3867,0.7256,0.2895,0.2474
10,26600001,26625000,26612714,1179,386,63.1256,9.9273,0.7282,0.2426,0.2065
10,26625001,26650000,26637171,1092,281,45.6946,5.5952,0.7818,0.2393,0.2089
10,26850001,26875000,26862797,1292,432,47.198,10.7947,0.6277,0.1842,0.1403
10,26875001,26900000,26887583,1084,378,72.1508,13.0988,0.6927,0.2486,0.2153
10,26900001,26925000,26913087,875,267,35.7143,5.4458,0.7354,0.1794,0.1626
10,26925001,26950000,26937305,1049,297,31.5952,11.6905,0.4598,0.1471,0.1086
10,26950001,26975000,26962112,1270,269,11.1669,10.5794,0.027,0.0049,0.0034
10,26975001,27000000,26986810,926,266,19.9915,8.3632,0.4101,0.1014,0.0753
10,27025001,27050000,27037506,992,376,31.8409,20.0392,0.2275,0.0747,0.0524
10,27050001,27075000,27062268,949,377,34.276,13.4211,0.4372,0.1291,0.0879
10,27100001,27125000,27112354,1074,311,19.4771,12.4209,0.2212,0.0528,0.0354
10,27250001,27275000,27262663,1035,283,24.5833,5.5514,0.6316,0.1562,0.1117
10,27275001,27300000,27287733,1053,399,8.9487,2.0483,0.6275,0.056,0.0367
10,27300001,27325000,27311810,1065,405,31.3827,8.1813,0.5864,0.1615,0.1042
10,27950001,27975000,27962069,1042,275,48.6352,10.8016,0.6365,0.2662,0.2165
10,27975001,28000000,27987856,1075,290,40.4839,6.0,0.7418,0.202,0.1744
10,28000001,28025000,28013421,898,267,44.3203,5.9437,0.7635,0.2526,0.2215
10,28225001,28250000,28237405,974,292,56.8353,12.4786,0.6399,0.2633,0.223
10,28775001,28800000,28787465,1000,286,31.8129,6.5241,0.6596,0.1623,0.1318
10,28850001,28875000,28863978,1148,318,35.2937,4.0163,0.7957,0.1985,0.141
10,29100001,29125000,29113139,929,283,44.7381,7.9684,0.6976,0.2661,0.2192
10,29175001,29200000,29187723,1152,299,21.8778,20.1762,0.0405,0.0127,0.0077
10,29275001,29300000,29287107,1290,306,23.3492,9.6934,0.4133,0.0977,0.0737
10,29325001,29350000,29338192,1065,252,31.0952,5.4048,0.7038,0.179,0.1522
10,29400001,29425000,29412158,1055,343,47.9828,7.0476,0.7439,0.2222,0.1862
10,29600001,29625000,29612059,1021,314,25.0397,19.5476,0.1232,0.0406,0.0251
10,29625001,29650000,29637328,1030,277,16.9286,8.754,0.3183,0.0709,0.0465
10,29650001,29675000,29662140,1252,305,14.9868,10.894,0.1581,0.0342,0.0221
10,29725001,29750000,29737905,1032,275,8.1825,7.2887,0.0578,0.0089,0.0058
10,29750001,29775000,29762567,994,343,6.3921,13.5518,-0.359,-0.055,-0.0361
10,29825001,29850000,29836550,885,326,15.3318,11.7619,0.1318,0.0252,0.0175
10,29850001,29875000,29862430,890,354,12.0794,14.4482,-0.0893,-0.0154,-0.0093
10,29875001,29900000,29887779,935,358,22.9085,13.796,0.2483,0.0555,0.0383
10,29900001,29925000,29913615,1120,262,18.746,13.6429,0.1576,0.0447,0.0308
10,29925001,29950000,29937803,1046,394,23.1432,20.7828,0.0537,0.0169,0.0099
10,29950001,29975000,29962966,1276,267,13.9097,8.7384,0.2283,0.049,0.0311
10,29975001,30000000,29987926,804,358,24.7222,12.4404,0.3305,0.0774,0.0509
10,30100001,30125000,30112085,1041,257,11.127,10.8916,0.0107,0.0022,0.0014
10,30150001,30175000,30162647,1134,262,8.0317,6.0887,0.1376,0.0183,0.0128
10,30175001,30200000,30185835,1210,257,14.6502,13.4847,0.0414,0.0119,0.0076
10,30225001,30250000,30237538,983,310,17.9371,12.9383,0.1619,0.0491,0.0319
10,30250001,30275000,30262244,1058,310,9.3413,8.746,0.0329,0.0061,0.0035
10,30325001,30350000,30337200,1252,255,12.9789,7.3357,0.2778,0.0576,0.0355
10,30550001,30575000,30561627,894,255,43.3889,6.3509,0.7446,0.3018,0.2551
