scaffold,start,end,mid,sites,sitesUsed,ABBA,BABA,D,fd,fdM
24,2350001,2375000,2362891,1101,300,10.3413,2.0,0.6759,0.037,0.0357
24,2750001,2775000,2762397,1089,312,16.9283,11.336,0.1979,0.0356,0.0283
24,2775001,2800000,2787830,1004,428,18.2212,4.2937,0.6186,0.0468,0.0453
24,2800001,2825000,2812511,909,356,6.8507,6.069,0.0605,0.0036,0.0034
24,2825001,2850000,2837772,911,419,20.7775,0.8651,0.9201,0.0734,0.0711
24,2850001,2875000,2862341,954,287,9.7797,6.1508,0.2278,0.0214,0.0196
24,2875001,2900000,2887927,1080,302,44.9307,2.1246,0.9097,0.292,0.2716
24,3025001,3050000,3037156,1023,417,17.0242,14.258,0.0884,0.01,0.0082
24,3275001,3300000,3287894,950,350,18.7215,6.8968,0.4616,0.0428,0.0395
24,3300001,3325000,3313176,1005,354,20.9365,7.0079,0.4984,0.0481,0.0454
24,3325001,3350000,3337646,914,273,11.2143,4.1746,0.4575,0.0368,0.0339
24,3350001,3375000,3362009,977,344,9.7778,16.3571,-0.2517,-0.0257,-0.0229
24,3375001,3400000,3386644,1160,275,2.1746,10.2773,-0.6507,-0.0446,-0.0387
24,3400001,3425000,3413085,1047,405,7.9916,18.3175,-0.3925,-0.0396,-0.0321
24,3425001,3450000,3437062,891,290,3.0476,10.1365,-0.5377,-0.0363,-0.0312
24,3525001,3550000,3538612,894,365,13.2077,8.0,0.2456,0.0189,0.0181
24,3675001,3700000,3686754,981,318,19.873,14.6349,0.1518,0.0256,0.0221
24,3700001,3725000,3712594,1106,357,23.9365,6.9214,0.5514,0.067,0.0624
24,3725001,3750000,3738237,1021,276,6.0,11.6825,-0.3214,-0.028,-0.0251
24,3750001,3775000,3762420,1073,296,9.0476,9.7029,-0.0349,-0.0038,-0.0033
24,3775001,3800000,3786029,888,310,9.9603,9.0556,0.0476,0.0041,0.0038
24,3800001,3825000,3812867,861,278,10.4201,6.3651,0.2416,0.0202,0.0187
24,3825001,3850000,3839368,821,317,13.381,7.079,0.308,0.0313,0.029
24,3850001,3875000,3864107,849,352,15.2552,7.2472,0.3559,0.0307,0.029
24,3875001,3900000,3887894,724,346,18.4524,8.0952,0.3901,0.0407,0.0387
24,3900001,3925000,3912857,1000,261,10.5093,7.2928,0.1807,0.0182,0.0166
24,4150001,4175000,4162553,913,295,18.188,6.3826,0.4805,0.0558,0.0514
24,4275001,4300000,4288255,1022,296,7.9766,11.6267,-0.1862,-0.0184,-0.0156
24,4300001,4325000,4311951,940,268,11.8016,6.9368,0.2596,0.0257,0.0226
24,4350001,4375000,4364223,814,281,17.4672,7.7619,0.3847,0.0539,0.049
24,4375001,4400000,4386715,1068,418,26.3413,6.1841,0.6197,0.0695,0.063
24,4525001,4550000,4537715,1113,490,14.5488,14.6984,-0.0051,-0.0005,-0.0005
24,4550001,4575000,4562080,1134,492,4.2143,21.9607,-0.678,-0.0572,-0.0496
24,4575001,4600000,4588049,1003,479,9.4182,19.8315,-0.356,-0.0373,-0.0312
24,4600001,4625000,4612899,1087,495,5.8952,18.1825,-0.5103,-0.0367,-0.0314
24,4625001,4650000,4636924,1068,422,24.2657,6.4409,0.5805,0.0662,0.0615
24,4650001,4675000,4661665,1032,327,20.0296,9.2473,0.3683,0.0505,0.044
24,4675001,4700000,4687638,1099,385,20.4444,10.6186,0.3163,0.0436,0.036
24,4700001,4725000,4712248,925,304,16.1918,8.0238,0.3373,0.0404,0.0359
24,4750001,4775000,4758391,648,261,8.9576,4.9999,0.2836,0.0212,0.0203
24,4775001,4800000,4788312,933,297,21.1577,4.987,0.6185,0.0801,0.0724
24,4800001,4825000,4812665,917,276,10.9762,7.0317,0.219,0.0233,0.02
24,4825001,4850000,4837662,963,346,20.8413,8.1832,0.4361,0.0533,0.048
24,4850001,4875000,4862484,1033,377,22.6173,6.6384,0.5462,0.066,0.0599
24,4875001,4900000,4886928,951,284,18.2434,5.927,0.5096,0.0764,0.0694
24,4900001,4925000,4912822,886,336,12.7631,8.2131,0.2169,0.0216,0.0191
24,4925001,4950000,4937198,873,361,26.0885,16.9924,0.2111,0.0368,0.0324
24,4950001,4975000,4962184,870,293,8.2981,7.1032,0.0776,0.0055,0.0051
24,4975001,5000000,4988460,829,279,4.8016,11.3492,-0.4054,-0.0339,-0.0301
24,5000001,5025000,5012367,870,391,17.9476,9.1998,0.3222,0.0303,0.0275
24,5025001,5050000,5037588,1123,377,22.9524,9.7062,0.4056,0.0502,0.0448
24,5050001,5075000,5062498,1008,359,12.6283,15.1508,-0.0908,-0.011,-0.0096
24,5075001,5100000,5088261,850,290,2.9921,4.121,-0.1587,-0.0054,-0.0051
24,5100001,5125000,5111392,785,354,17.9603,7.3734,0.4179,0.0422,0.0393
24,5125001,5150000,5137189,940,278,8.3888,1.0883,0.7703,0.0354,0.0334
24,5325001,5350000,5337568,883,276,25.7377,2.0159,0.8547,0.1165,0.11
24,5900001,5925000,5911959,924,307,43.3473,6.6915,0.7325,0.1966,0.1745
24,6000001,6025000,6011563,848,350,21.9683,5.0317,0.6273,0.0648,0.0624
24,6025001,6050000,6038071,790,321,13.1905,9.0291,0.1873,0.0229,0.0198
24,6050001,6075000,6062595,756,285,13.6747,5.5187,0.4249,0.0476,0.0437
24,6075001,6100000,6088488,962,492,15.9573,7.5406,0.3582,0.0251,0.0239
24,6100001,6125000,6112296,1013,361,14.0157,6.7698,0.3486,0.0276,0.026
24,6125001,6150000,6137587,953,370,22.9894,5.4048,0.6193,0.0643,0.0613
24,6150001,6175000,6162594,914,342,17.5548,8.9683,0.3237,0.0373,0.0338
24,6175001,6200000,6188170,863,418,37.1825,8.0,0.6459,0.1001,0.0948
24,6200001,6225000,6211312,890,421,34.6164,13.1257,0.4501,0.0799,0.0736
24,6225001,6250000,6238106,977,330,19.1465,3.1667,0.7162,0.073,0.0694
24,6250001,6275000,6263181,865,382,11.945,9.0556,0.1376,0.0099,0.0094
24,6275001,6300000,6287536,926,455,82.3319,3.3827,0.9211,0.3036,0.2654
24,6300001,6325000,6311264,742,384,17.6111,8.3175,0.3584,0.0333,0.0312
24,6575001,6600000,6586690,678,413,19.1443,1.4771,0.8567,0.0644,0.0543
24,7100001,7125000,7113639,736,279,28.8411,4.0873,0.7517,0.1226,0.1146
24,7125001,7150000,7138492,680,357,17.0873,7.7636,0.3752,0.0363,0.034
24,7150001,7175000,7162619,927,297,52.2983,2.2222,0.9185,0.2865,0.266
24,7175001,7200000,7188088,778,353,12.0159,6.9435,0.2675,0.0197,0.0185
24,7200001,7225000,7212823,764,348,15.8118,10.9524,0.1816,0.0253,0.0213
24,7225001,7250000,7236571,867,313,10.2937,15.5586,-0.2037,-0.0225,-0.0195
24,7250001,7275000,7262453,894,363,12.373,14.0,-0.0617,-0.0061,-0.0054
24,7275001,7300000,7287707,876,416,10.3333,28.3583,-0.4659,-0.0657,-0.0554
24,7300001,7325000,7312829,643,346,12.4875,20.0714,-0.2329,-0.0336,-0.029
24,7325001,7350000,7337802,856,351,10.9025,11.464,-0.0251,-0.0025,-0.0021
24,7350001,7375000,7363049,809,369,13.0,11.7664,0.0498,0.0049,0.0044
24,7625001,7650000,7638270,900,296,30.1568,5.4053,0.696,0.1071,0.1013
24,7650001,7675000,7662554,888,262,15.3889,6.3923,0.413,0.0507,0.0453
24,8225001,8250000,8237622,973,356,6.2143,7.7942,-0.1128,-0.0057,-0.0054
24,8250001,8275000,8262099,917,452,24.0339,4.4413,0.6881,0.0551,0.0534
24,8275001,8300000,8287900,901,444,11.3254,19.2394,-0.2589,-0.0237,-0.0218
24,8300001,8325000,8312040,873,499,1.1505,16.5125,-0.8697,-0.0507,-0.0447
24,8325001,8350000,8337156,917,393,4.0385,13.373,-0.5361,-0.0425,-0.0357
24,8350001,8375000,8362842,857,398,3.3016,13.9841,-0.618,-0.041,-0.0361
24,8375001,8400000,8387141,1063,274,2.0392,10.0333,-0.6622,-0.0505,-0.0412
24,8400001,8425000,8412349,998,384,2.1828,13.3175,-0.7184,-0.0469,-0.0384
24,8425001,8450000,8437510,851,365,3.0092,5.5159,-0.294,-0.0107,-0.0093
24,8475001,8500000,8487657,974,250,4.1427,7.294,-0.2755,-0.0228,-0.0184
24,8500001,8525000,8513102,873,335,16.0152,7.3175,0.3728,0.0359,0.0334
24,8525001,8550000,8538424,1040,269,9.5873,3.7222,0.4407,0.0282,0.0273
24,8550001,8575000,8562654,903,405,16.7857,11.0,0.2082,0.0191,0.0181
24,8950001,8975000,8962414,499,289,17.0826,3.2322,0.6818,0.0819,0.0773
24,9000001,9025000,9012787,522,257,51.7285,4.1128,0.8527,0.4199,0.3619
24,9025001,9050000,9037038,475,272,34.9944,2.1763,0.8829,0.3188,0.2919
24,11225001,11250000,11237719,687,278,14.8656,11.2096,0.1402,0.0431,0.0273
24,11325001,11350000,11336295,652,277,16.7634,4.0251,0.6128,0.2476,0.1456
24,11350001,11375000,11364633,570,268,19.1688,6.2463,0.5085,0.1751,0.1245
24,11500001,11525000,11514530,919,272,27.5846,6.5635,0.6156,0.236,0.1856
24,11950001,11975000,11961177,853,354,51.2641,7.3711,0.7486,0.2316,0.2106
24,11975001,12000000,11985481,732,308,48.3121,5.5201,0.7949,0.3375,0.2859
24,12075001,12100000,12088855,846,285,44.2007,9.2143,0.655,0.3051,0.2449
24,14800001,14825000,14813384,793,319,32.4205,5.1678,0.725,0.2155,0.1791
24,14825001,14850000,14836760,670,292,24.7011,7.2313,0.5471,0.1769,0.1468
24,14950001,14975000,14962572,473,253,47.4239,2.8438,0.8869,0.4521,0.3876
24,15025001,15050000,15036171,723,349,26.493,7.0714,0.5786,0.145,0.1289
24,15125001,15150000,15137058,583,292,46.9098,4.7778,0.8151,0.3333,0.2904
24,15150001,15175000,15163764,1156,408,30.9617,12.313,0.4309,0.0916,0.0835
24,15925001,15950000,15940143,866,324,13.5183,17.4259,-0.1263,-0.0335,-0.0232
24,19175001,19200000,19186875,923,369,22.7778,14.0434,0.2372,0.0739,0.0511
24,19200001,19225000,19212165,1021,353,21.1756,14.1044,0.2004,0.0655,0.0413
