scaffold,start,end,mid,sites,sitesUsed,ABBA,BABA,D,fd,fdM
8,2325001,2350000,2339280,1070,487,119.0282,4.4154,0.9285,0.4734,0.4249
8,4775001,4800000,4786572,775,427,84.0191,8.2222,0.8217,0.4073,0.3547
8,4800001,4825000,4813064,780,260,71.3834,1.0952,0.9698,0.6475,0.5924
8,4825001,4850000,4838787,715,271,66.7428,0.7787,0.9769,0.6327,0.5906
8,4850001,4875000,4862043,697,392,79.0551,0.968,0.9758,0.445,0.4242
8,4875001,4900000,4888168,1033,391,54.4125,2.4206,0.9148,0.3151,0.2987
8,4900001,4925000,4909706,887,278,39.6534,4.2778,0.8053,0.2163,0.2035
8,5250001,5275000,5263687,484,252,43.9176,3.9762,0.834,0.3367,0.289
8,5400001,5425000,5412198,724,266,20.4375,14.0078,0.1867,0.0455,0.0364
8,5950001,5975000,5962960,584,260,8.9469,21.3302,-0.409,-0.0964,-0.0683
8,6950001,6975000,6964155,726,280,29.6256,5.3577,0.6937,0.2834,0.1914
8,6975001,7000000,6988239,575,346,37.1223,13.3016,0.4724,0.1471,0.1145
8,7000001,7025000,7012462,468,264,51.2052,2.2619,0.9154,0.5232,0.4581
8,7575001,7600000,7587928,747,283,41.7762,4.4112,0.809,0.2868,0.2636
8,7800001,7825000,7811920,595,304,42.1817,1.1349,0.9476,0.3095,0.2889
8,8250001,8275000,8263161,417,263,5.6609,10.4423,-0.2969,-0.0372,-0.0316
8,8350001,8375000,8363025,440,255,17.3561,2.4771,0.7502,0.1711,0.1389
8,8375001,8400000,8388716,553,297,33.1959,9.8382,0.5428,0.2078,0.1551
8,8400001,8425000,8410446,564,272,14.693,4.8095,0.5068,0.1072,0.09
8,8425001,8450000,8438456,499,299,24.4431,10.2937,0.4073,0.1042,0.0856
8,8450001,8475000,8462119,584,266,23.9205,8.4858,0.4763,0.1092,0.0899
8,9100001,9125000,9114361,462,265,22.0952,4.0794,0.6883,0.1919,0.1311
8,9125001,9150000,9135593,481,272,32.2247,3.3128,0.8136,0.2498,0.1996
8,9150001,9175000,9162220,654,334,30.7208,7.9206,0.59,0.166,0.12
8,9625001,9650000,9637122,537,302,25.8847,10.7604,0.4127,0.0925,0.0717
8,9650001,9675000,9663232,526,287,16.7403,9.0205,0.2997,0.0616,0.0468
8,9825001,9850000,9838279,487,290,33.5955,0.2063,0.9878,0.2618,0.2479
8,9925001,9950000,9939149,568,276,36.3287,0.3968,0.9784,0.2804,0.2671
8,10425001,10450000,10436664,677,337,40.5403,6.127,0.7374,0.2489,0.2114
8,10450001,10475000,10460978,798,369,57.0671,4.5873,0.8512,0.3381,0.3043
8,10475001,10500000,10485603,656,250,36.9698,7.1587,0.6756,0.3179,0.271
8,10525001,10550000,10537067,665,302,51.2147,4.6017,0.8351,0.4094,0.3249
8,10550001,10575000,10560363,894,523,102.4695,5.5764,0.8968,0.3807,0.3279
8,10575001,10600000,10588857,698,352,52.9797,3.3673,0.8805,0.3239,0.2864
8,10925001,10950000,10937517,705,273,18.974,5.8779,0.527,0.1231,0.1063
8,10950001,10975000,10962564,619,301,28.0191,2.5,0.8362,0.2285,0.1927
8,10975001,11000000,10986980,578,273,36.88,4.1198,0.799,0.3522,0.2812
8,11950001,11975000,11960280,476,250,26.5396,5.3779,0.663,0.2428,0.2036
8,11975001,12000000,11988764,503,264,29.2983,1.8968,0.8784,0.3357,0.279
8,12750001,12775000,12761814,530,281,32.7307,0.6407,0.9616,0.2932,0.2743
8,12775001,12800000,12786109,580,298,50.3389,0.8254,0.9677,0.3637,0.3502
8,12825001,12850000,12837662,483,274,32.5232,3.065,0.8278,0.258,0.2193
8,12850001,12875000,12864667,601,278,31.0983,3.0389,0.822,0.1931,0.1794
8,13175001,13200000,13188265,675,266,43.1521,4.3001,0.8188,0.2556,0.2332
8,13325001,13350000,13338313,1021,325,69.5389,1.2782,0.9639,0.5089,0.4646
8,13350001,13375000,13363358,898,450,82.1776,6.0501,0.8629,0.3463,0.3089
8,13375001,13400000,13386980,950,441,37.4101,15.1472,0.4236,0.1167,0.0907
8,13400001,13425000,13410952,629,335,23.0276,12.1443,0.3094,0.09,0.0672
8,13450001,13475000,13462410,523,265,14.387,9.0794,0.2262,0.054,0.0394
8,13750001,13775000,13764192,1260,251,64.1048,3.0828,0.9082,0.5851,0.5037
8,14275001,14300000,14286489,1263,333,42.4243,7.2765,0.7072,0.2571,0.2169
8,14350001,14375000,14358796,974,540,50.9997,26.8201,0.3107,0.1058,0.0811
8,14375001,14400000,14389577,613,342,40.9339,6.6192,0.7216,0.3069,0.2318
8,14400001,14425000,14411374,645,276,53.8785,6.2079,0.7934,0.4185,0.2955
8,14425001,14450000,14437447,718,374,44.2865,11.0293,0.6012,0.1823,0.1433
8,14450001,14475000,14462151,725,363,55.5917,10.149,0.6912,0.3073,0.2267
8,14475001,14500000,14486702,747,418,84.0495,2.4921,0.9424,0.5504,0.4311
8,14525001,14550000,14538222,894,481,83.2236,7.1508,0.8418,0.2983,0.2655
8,14550001,14575000,14562959,685,335,80.1845,1.9117,0.9534,0.4809,0.421
8,14575001,14600000,14587753,531,265,44.1517,4.6959,0.8077,0.3859,0.328
8,14600001,14625000,14612514,994,453,67.8526,8.6681,0.7734,0.2761,0.2513
8,15200001,15225000,15214637,770,329,46.1641,6.4982,0.7532,0.3113,0.2554
8,18525001,18550000,18535248,1794,546,108.7543,4.9149,0.9135,0.6714,0.5287
8,19175001,19200000,19186726,446,259,38.8131,0.746,0.9623,0.5234,0.4686
8,19450001,19475000,19460714,682,318,63.1709,8.9412,0.752,0.3568,0.2964
8,19475001,19500000,19490247,700,298,56.3585,2.1359,0.927,0.3989,0.3697
8,20350001,20375000,20362367,1203,379,124.151,10.6885,0.8415,0.652,0.5214
8,20375001,20400000,20387352,1175,388,106.4981,9.5671,0.8351,0.4944,0.4113
8,20400001,20425000,20411871,948,410,126.5739,10.1793,0.8511,0.5434,0.465
8,20425001,20450000,20437482,951,462,118.9919,11.2474,0.8273,0.5254,0.4484
8,20450001,20475000,20462270,1058,335,79.1493,4.9368,0.8826,0.5496,0.3802
8,22775001,22800000,22787451,983,320,103.142,14.4524,0.7542,0.5986,0.5109
8,22800001,22825000,22813388,965,316,176.8078,4.119,0.9545,0.8813,0.7812
8,23525001,23550000,23537978,1100,310,117.3653,6.2857,0.8983,0.7675,0.6196
8,23550001,23575000,23563473,1136,367,128.5052,9.101,0.8677,0.7348,0.564
8,23575001,23600000,23587409,1280,253,83.5093,7.4286,0.8366,0.5985,0.4915
8,23800001,23825000,23812714,1148,378,149.5919,2.7066,0.9645,0.8434,0.5369
8,23825001,23850000,23838116,1047,291,139.7849,0.3571,0.9949,0.7869,0.7601
8,23875001,23900000,23887360,934,284,109.7592,9.4286,0.8418,0.703,0.5591
8,24050001,24075000,24061240,909,373,141.7849,2.6272,0.9636,0.824,0.5835
8,24125001,24150000,24137778,980,338,121.2214,2.4971,0.9596,0.7742,0.553
8,24150001,24175000,24161762,974,446,154.5586,5.9608,0.9257,0.6942,0.4912
8,24175001,24200000,24189449,1125,344,124.8017,1.2737,0.9798,0.7719,0.5667
8,24200001,24225000,24212176,885,402,150.6465,4.1445,0.9465,0.6848,0.577
8,24225001,24250000,24237079,836,407,128.1955,2.6764,0.9591,0.6068,0.543
8,24250001,24275000,24261834,829,351,119.2174,3.5144,0.9427,0.605,0.5157
8,24275001,24300000,24288441,1112,346,114.3516,10.8095,0.8273,0.6198,0.5017
8,24325001,24350000,24335876,1163,294,112.3814,4.3571,0.9254,0.6446,0.5454
8,24800001,24825000,24812448,1008,285,94.0139,1.1111,0.9766,0.5372,0.4967
