scaffold,start,end,mid,sites,sitesUsed,ABBA,BABA,D,fd,fdM
24,2750001,2775000,2762397,1089,300,38.349,17.0813,0.3837,0.1904,0.1389
24,2775001,2800000,2787830,1004,322,52.0102,4.2937,0.8475,0.2611,0.2303
24,2800001,2825000,2812511,909,278,36.1704,6.069,0.7126,0.2162,0.1861
24,2825001,2850000,2837772,911,326,50.7061,1.8651,0.929,0.2828,0.254
24,2875001,2900000,2887927,1080,268,36.8928,3.0081,0.8492,0.3471,0.3025
24,3025001,3050000,3037156,1023,331,31.0242,14.258,0.3703,0.098,0.0633
24,3275001,3300000,3287894,950,274,56.9357,6.8968,0.7839,0.2627,0.2179
24,3300001,3325000,3313176,1005,262,58.9286,6.0079,0.815,0.2789,0.2441
24,3350001,3375000,3362009,977,270,21.8651,16.3571,0.1441,0.0341,0.024
24,3400001,3425000,3413085,1047,336,19.9916,18.3175,0.0437,0.01,0.0063
24,3525001,3550000,3538612,894,272,46.7381,7.0,0.7395,0.2239,0.2002
24,3675001,3700000,3686754,981,273,38.4667,13.6349,0.4766,0.1789,0.1385
24,3700001,3725000,3712594,1106,287,58.8054,9.9373,0.7109,0.2819,0.2202
24,3750001,3775000,3762420,1073,261,17.127,10.7426,0.2291,0.052,0.0384
24,3825001,3850000,3839368,821,255,47.881,6.079,0.7747,0.3093,0.2563
24,3850001,3875000,3864107,849,257,36.6667,7.2472,0.6699,0.184,0.1564
24,3875001,3900000,3887894,724,258,33.2937,7.0952,0.6487,0.1607,0.1408
24,4375001,4400000,4386715,1068,366,63.2381,8.1841,0.7708,0.2595,0.2173
24,4525001,4550000,4537715,1113,401,30.144,12.7381,0.4059,0.1092,0.0776
24,4550001,4575000,4562080,1134,359,20.0397,23.2147,-0.0734,-0.0201,-0.0132
24,4575001,4600000,4588049,1003,394,25.7097,21.7125,0.0843,0.0246,0.0146
24,4600001,4625000,4612899,1087,377,27.0063,20.1825,0.1446,0.0349,0.0229
24,4625001,4650000,4636924,1068,358,52.1317,8.4409,0.7213,0.2333,0.2016
24,4650001,4675000,4661665,1032,286,32.0,9.287,0.5501,0.1529,0.1178
24,4675001,4700000,4687638,1099,351,57.4365,13.6107,0.6169,0.2843,0.1951
24,4775001,4800000,4788312,933,261,31.2179,7.8175,0.5995,0.1618,0.1287
24,4825001,4850000,4837662,963,292,48.8413,7.5151,0.7333,0.2515,0.2039
24,4850001,4875000,4862484,1033,324,32.7222,5.2971,0.7213,0.1712,0.1432
24,4875001,4900000,4886928,951,259,31.9034,7.8794,0.6039,0.2235,0.1797
24,4900001,4925000,4912822,886,279,33.832,7.2222,0.6482,0.2069,0.1708
24,4925001,4950000,4937198,873,305,49.0965,18.0718,0.4619,0.1824,0.1442
24,5000001,5025000,5012367,870,306,51.9555,9.1998,0.6991,0.2383,0.1993
24,5025001,5050000,5037588,1123,315,50.041,10.6905,0.6479,0.2234,0.1745
24,5050001,5075000,5062498,1008,304,31.4023,16.1508,0.3207,0.1027,0.0742
24,5100001,5125000,5111392,785,280,39.5032,8.3734,0.6502,0.1939,0.1622
24,5900001,5925000,5911959,924,256,25.8914,9.501,0.4631,0.1334,0.0983
24,6000001,6025000,6011563,848,268,45.0476,5.0317,0.799,0.2422,0.2018
24,6025001,6050000,6038071,790,279,31.1905,10.164,0.5084,0.1865,0.1396
24,6075001,6100000,6088488,962,394,59.6161,7.5406,0.7754,0.2237,0.1993
24,6100001,6125000,6112296,1013,278,44.3173,5.7698,0.7696,0.2188,0.1892
24,6125001,6150000,6137587,953,292,58.2593,6.4048,0.8019,0.2768,0.2438
24,6150001,6175000,6162594,914,289,51.7381,7.9444,0.7338,0.2535,0.2074
24,6175001,6200000,6188170,863,336,67.9841,7.0,0.8133,0.305,0.2579
24,6200001,6225000,6211312,890,344,57.1001,12.7063,0.636,0.2408,0.2045
24,6225001,6250000,6238106,977,270,37.9953,4.2143,0.8003,0.2214,0.19
24,6250001,6275000,6263181,865,309,54.8656,9.0556,0.7167,0.2211,0.1939
24,6275001,6300000,6287536,926,396,53.2131,5.1438,0.8237,0.2205,0.1883
24,6300001,6325000,6311264,742,304,40.6111,8.3175,0.66,0.1665,0.1434
24,7125001,7150000,7138492,680,264,29.9206,7.7636,0.588,0.1551,0.1275
24,7150001,7175000,7162619,927,259,26.3621,2.3254,0.8379,0.2231,0.1888
24,7175001,7200000,7188088,778,274,28.119,5.9435,0.651,0.1336,0.1087
24,7200001,7225000,7212823,764,295,21.7937,14.9524,0.1862,0.0589,0.0401
24,7250001,7275000,7262453,894,296,25.5952,12.0,0.3616,0.0768,0.0586
24,7275001,7300000,7287707,876,328,25.2857,29.3825,-0.0749,-0.0263,-0.0166
24,7300001,7325000,7312829,643,267,14.4603,20.0714,-0.1625,-0.0464,-0.0293
24,7325001,7350000,7337802,856,288,28.8152,13.464,0.3631,0.1041,0.0688
24,7350001,7375000,7363049,809,305,30.0093,17.5601,0.2617,0.0781,0.0585
24,8225001,8250000,8237622,973,277,36.9841,7.7942,0.6519,0.153,0.1319
24,8250001,8275000,8262099,917,353,65.0418,4.4413,0.8722,0.2446,0.2164
24,8275001,8300000,8287900,901,324,33.3571,19.2394,0.2684,0.0726,0.0557
24,8300001,8325000,8312040,873,373,20.9365,17.5364,0.0884,0.0208,0.014
24,8325001,8350000,8337156,917,330,15.0385,18.3889,-0.1002,-0.0288,-0.0177
24,8350001,8375000,8362842,857,311,17.119,13.9762,0.1011,0.0199,0.0147
24,8400001,8425000,8412349,998,323,14.0399,13.6667,0.0135,0.0025,0.0016
24,8425001,8450000,8437510,851,276,10.1759,6.2857,0.2363,0.0336,0.0215
24,8500001,8525000,8513102,873,262,43.0152,7.3175,0.7092,0.2189,0.1818
24,8550001,8575000,8562654,903,319,37.0159,11.0,0.5418,0.1326,0.107
24,8950001,8975000,8962414,499,276,40.7254,3.2322,0.8529,0.2417,0.2281
24,9000001,9025000,9012787,522,257,21.0465,5.0079,0.6156,0.1474,0.1264
24,9025001,9050000,9037038,475,267,26.0733,3.0292,0.7918,0.2194,0.1992
24,11225001,11250000,11237719,687,281,14.1011,12.8024,0.0483,0.0178,0.0102
24,11500001,11525000,11514530,919,271,29.3941,7.5635,0.5907,0.245,0.1877
24,11950001,11975000,11961177,853,362,64.2019,6.6092,0.8133,0.3488,0.315
24,11975001,12000000,11985481,732,299,35.9834,6.6391,0.6885,0.2383,0.1979
24,12075001,12100000,12088855,846,286,21.3004,6.0714,0.5564,0.1286,0.1074
24,12925001,12950000,12938767,610,252,25.6379,5.5678,0.6432,0.2136,0.1733
24,14800001,14825000,14813384,793,330,34.5477,5.217,0.7376,0.2196,0.1853
24,14825001,14850000,14836760,670,291,18.4861,6.3504,0.4886,0.1363,0.1101
24,14950001,14975000,14962572,473,256,26.0209,3.8279,0.7435,0.2106,0.1838
24,15025001,15050000,15036171,723,353,19.6822,7.246,0.4618,0.1117,0.0955
24,15125001,15150000,15137058,583,282,32.8655,5.4841,0.714,0.2495,0.2112
24,15150001,15175000,15163764,1156,381,51.8642,11.305,0.6421,0.2392,0.2153
24,15925001,15950000,15940143,866,325,35.6029,12.7522,0.4726,0.2071,0.1392
24,19175001,19200000,19186875,923,373,21.2025,14.8609,0.1758,0.054,0.0372
24,19200001,19225000,19212165,1021,353,19.3691,13.0239,0.1959,0.0617,0.0379
