scaffold,start,end,mid,sites,sitesUsed,ABBA,BABA,D,fd,fdM
23,1175001,1200000,1187617,1042,270,2.5952,15.073,-0.7062,-0.0838,-0.063
23,1200001,1225000,1212338,988,264,3.8801,9.6375,-0.4259,-0.0478,-0.0351
23,1225001,1250000,1236478,956,344,11.7937,16.9587,-0.1796,-0.0286,-0.0213
23,1250001,1275000,1262490,942,373,2.2937,9.7611,-0.6195,-0.0381,-0.0317
23,1275001,1300000,1286678,712,295,5.2541,2.69,0.3228,0.0131,0.0121
23,1300001,1325000,1312833,901,485,7.1508,5.6578,0.1166,0.0044,0.004
23,1325001,1350000,1337624,906,407,3.4286,3.633,-0.029,-0.0008,-0.0007
23,1350001,1375000,1359475,821,274,5.6349,3.8466,0.1886,0.0099,0.009
23,1375001,1400000,1388445,895,298,8.627,5.8481,0.192,0.0151,0.0139
23,1400001,1425000,1412841,1372,302,8.5476,6.5225,0.1344,0.0109,0.0094
23,1425001,1450000,1438522,971,277,7.7385,1.0873,0.7536,0.0333,0.0309
23,1450001,1475000,1462804,1078,372,18.0,8.2302,0.3725,0.0357,0.0323
23,1475001,1500000,1487704,1201,389,11.9762,7.9492,0.2021,0.0137,0.0123
23,1500001,1525000,1512195,1044,316,10.9048,7.0452,0.215,0.0159,0.0145
23,1550001,1575000,1562280,994,305,10.8492,5.5652,0.3219,0.0227,0.0207
23,1575001,1600000,1587574,961,320,17.9663,7.6372,0.4034,0.045,0.0408
23,1625001,1650000,1637914,1085,403,35.5079,6.0553,0.7086,0.0972,0.0929
23,1650001,1675000,1662548,1047,412,32.1082,15.1111,0.36,0.0552,0.0516
23,1675001,1700000,1687938,1078,295,30.0677,1.0405,0.9331,0.1248,0.1191
23,1725001,1750000,1737453,972,327,28.9533,3.2473,0.7983,0.1191,0.1097
23,1750001,1775000,1762819,1068,309,23.0735,6.0159,0.5864,0.0752,0.0697
23,1775001,1800000,1788524,885,259,12.7778,3.0,0.6197,0.0576,0.0544
23,1800001,1825000,1813347,1248,349,5.316,17.0148,-0.5239,-0.0529,-0.0446
23,1825001,1850000,1836850,1090,361,10.032,12.3336,-0.1029,-0.0096,-0.0084
23,1850001,1875000,1862729,1066,312,4.621,13.4365,-0.4882,-0.0413,-0.0358
23,1925001,1950000,1938686,1070,276,16.3358,6.4841,0.4317,0.0627,0.0518
23,3125001,3150000,3137637,1243,293,13.7698,17.6032,-0.1222,-0.0202,-0.0172
23,3150001,3175000,3162404,1252,369,12.0079,10.3175,0.0757,0.0067,0.0057
23,3675001,3700000,3688091,1071,288,73.7139,2.0714,0.9453,0.3228,0.3088
23,5150001,5175000,5162014,924,406,23.3532,5.0675,0.6434,0.0723,0.0673
23,5175001,5200000,5187279,990,446,36.6157,4.4989,0.7812,0.1434,0.1137
23,5200001,5225000,5213613,822,342,18.9921,7.7048,0.4228,0.066,0.0524
23,5225001,5250000,5237457,867,466,11.2323,8.7463,0.1244,0.0103,0.0088
23,5250001,5275000,5263448,1138,432,6.885,10.4452,-0.2054,-0.0163,-0.0137
23,5475001,5500000,5487102,1165,277,1.5079,5.2986,-0.5569,-0.0292,-0.0227
23,5500001,5525000,5513916,1205,318,3.6994,8.4044,-0.3887,-0.0266,-0.0214
23,5525001,5550000,5537565,1013,381,5.3571,16.752,-0.5154,-0.057,-0.046
23,5550001,5575000,5562325,1124,333,5.2316,11.3098,-0.3675,-0.0344,-0.0279
23,5625001,5650000,5637556,1068,497,11.4366,11.3254,0.0049,0.0005,0.0004
23,5650001,5675000,5662533,1547,313,2.1819,6.7692,-0.5125,-0.0301,-0.0252
23,5675001,5700000,5686899,1020,273,2.0636,15.0172,-0.7584,-0.0955,-0.0772
23,5700001,5725000,5712223,1148,285,9.0635,13.0885,-0.1817,-0.0255,-0.0219
23,5775001,5800000,5787290,1158,347,19.0273,5.8105,0.5321,0.0589,0.0555
23,5800001,5825000,5812707,1049,311,20.5238,4.3175,0.6524,0.0714,0.0663
23,5850001,5875000,5862742,1179,408,21.0222,5.2619,0.5996,0.0552,0.052
23,5925001,5950000,5937638,1059,251,11.5159,5.627,0.3435,0.0325,0.0309
23,5975001,6000000,5988938,1049,371,22.3254,5.1349,0.626,0.0715,0.0654
23,7050001,7075000,7062791,1294,255,6.9758,7.0397,-0.0046,-0.0005,-0.0004
23,7200001,7225000,7211348,965,267,3.0,10.8492,-0.5668,-0.0496,-0.0414
23,7225001,7250000,7237775,815,258,5.9291,9.2063,-0.2165,-0.0221,-0.0175
23,7250001,7275000,7262921,900,293,4.0238,12.857,-0.5233,-0.0556,-0.0445
23,7275001,7300000,7287191,1008,301,2.0238,10.4921,-0.6766,-0.0509,-0.0413
23,7325001,7350000,7337068,886,406,18.0397,12.4841,0.182,0.0183,0.0168
23,7425001,7450000,7437162,1086,255,11.0388,1.0,0.8339,0.0582,0.0566
23,7525001,7550000,7537220,1016,259,9.8171,4.4048,0.3806,0.0284,0.0265
23,7900001,7925000,7912128,1088,343,23.8397,8.254,0.4856,0.0636,0.0591
23,8200001,8225000,8212098,975,265,11.4153,3.0952,0.5734,0.0398,0.0382
23,8225001,8250000,8237716,944,283,18.9067,3.6487,0.6765,0.0653,0.062
23,8625001,8650000,8636623,1073,279,3.1984,18.3651,-0.7033,-0.1007,-0.0775
23,8725001,8750000,8737982,1062,275,2.5713,10.5524,-0.6081,-0.0515,-0.0392
23,9275001,9300000,9287228,889,317,8.8975,6.873,0.1284,0.0094,0.0082
23,11225001,11250000,11237760,986,324,8.0,17.5507,-0.3738,-0.0472,-0.0381
23,12675001,12700000,12687530,932,302,6.9683,6.7633,0.0149,0.0011,0.0009
23,12700001,12725000,12712797,983,425,10.7373,13.2439,-0.1045,-0.0094,-0.008
23,12725001,12750000,12737951,1000,415,10.8651,10.946,-0.0037,-0.0003,-0.0002
23,12750001,12775000,12762580,1098,314,3.8328,21.8142,-0.7011,-0.0902,-0.0758
23,12775001,12800000,12787649,1036,490,7.0238,19.2937,-0.4662,-0.0355,-0.031
23,12800001,12825000,12811985,929,386,2.3492,21.9335,-0.8065,-0.078,-0.0664
23,12825001,12850000,12837464,1015,363,13.9206,14.3581,-0.0155,-0.002,-0.0017
23,12850001,12875000,12862268,1095,370,24.1121,9.1587,0.4494,0.0674,0.0594
23,12875001,12900000,12888346,999,301,7.0317,3.1799,0.3772,0.0186,0.0177
23,12900001,12925000,12912395,1060,455,14.3241,7.9305,0.2873,0.0187,0.0176
23,12925001,12950000,12939145,997,378,16.254,3.6353,0.6344,0.0415,0.0402
23,12950001,12975000,12961811,992,403,24.852,7.1032,0.5554,0.0577,0.0545
23,12975001,13000000,12987866,1108,330,16.0556,3.0397,0.6816,0.0491,0.0478
23,13000001,13025000,13013138,1070,330,12.1059,6.0556,0.3331,0.0278,0.0253
23,13025001,13050000,13037704,999,376,15.6354,8.0952,0.3177,0.0318,0.0287
23,13050001,13075000,13062329,1066,389,19.7698,9.1202,0.3686,0.0384,0.0358
23,13075001,13100000,13086997,991,338,12.8175,2.0,0.73,0.0395,0.0381
23,13100001,13125000,13112535,1183,266,15.5079,3.127,0.6644,0.0598,0.0557
23,13225001,13250000,13237732,1166,260,19.3392,2.127,0.8018,0.0888,0.0839
23,13350001,13375000,13364270,1007,344,24.1556,3.7313,0.7324,0.0833,0.0781
23,13375001,13400000,13387812,956,414,28.1283,8.127,0.5517,0.0669,0.0631
23,13400001,13425000,13412511,1038,321,12.7302,6.8259,0.3019,0.0255,0.0244
23,13750001,13775000,13761838,803,368,18.1429,9.0635,0.3337,0.0406,0.0364
23,13775001,13800000,13787395,752,346,18.6685,3.1129,0.7142,0.0578,0.0567
23,13800001,13825000,13812066,783,363,15.9348,10.0,0.2288,0.0218,0.0208
23,13825001,13850000,13837243,842,334,14.2561,7.3016,0.3226,0.0298,0.0278
23,13850001,13875000,13862342,779,426,4.7778,10.1508,-0.3599,-0.0165,-0.0157
23,13875001,13900000,13887016,712,402,13.8413,4.0068,0.551,0.0334,0.0323
23,13900001,13925000,13912771,865,383,20.4161,16.1667,0.1162,0.0153,0.0141
23,14100001,14125000,14111893,922,376,9.7778,16.8492,-0.2656,-0.0342,-0.0269
23,14125001,14150000,14137377,823,400,10.8415,10.4921,0.0164,0.0014,0.0012
23,14150001,14175000,14163068,889,448,8.8175,10.8554,-0.1036,-0.0076,-0.0064
23,14175001,14200000,14188142,1036,444,21.8688,8.1746,0.4558,0.0432,0.0399
23,14200001,14225000,14212012,886,351,38.1961,5.7195,0.7395,0.1319,0.1241
23,15050001,15075000,15064471,925,346,12.254,4.7222,0.4437,0.0338,0.0318
23,15075001,15100000,15088089,834,473,21.6165,6.8215,0.5203,0.043,0.0412
23,15100001,15125000,15112973,854,382,19.8694,7.0079,0.4785,0.0452,0.0433
23,15125001,15150000,15136612,887,431,7.5317,6.0714,0.1074,0.0045,0.0043
23,15150001,15175000,15162547,874,369,6.5556,0.1905,0.9435,0.0213,0.021
23,15175001,15200000,15188767,1022,302,15.1024,2.1587,0.7499,0.0615,0.0598
23,15250001,15275000,15262962,779,257,8.5812,2.7155,0.5192,0.0358,0.033
23,15275001,15300000,15286261,1239,261,4.1527,6.9762,-0.2537,-0.0162,-0.015
23,15300001,15325000,15312640,797,414,11.2547,7.8044,0.181,0.0153,0.0137
23,15325001,15350000,15336687,833,303,7.445,6.246,0.0876,0.0073,0.0065
23,15350001,15375000,15361792,892,495,15.1487,11.0213,0.1577,0.0139,0.0129
23,15700001,15725000,15712144,909,296,6.1215,11.9762,-0.3235,-0.0364,-0.0292
23,15825001,15850000,15837115,967,360,9.8935,12.8084,-0.1284,-0.0128,-0.0105
23,15850001,15875000,15862552,992,399,9.9955,14.2443,-0.1753,-0.0156,-0.0136
23,16000001,16025000,16012653,971,421,20.9683,3.9603,0.6823,0.0719,0.0674
23,16025001,16050000,16037828,1008,359,21.0794,5.1874,0.605,0.0812,0.0728
23,16050001,16075000,16061832,921,380,47.2619,13.0159,0.5681,0.1291,0.1162
23,16075001,16100000,16088531,885,309,16.1324,10.0714,0.2313,0.0284,0.0255
23,16100001,16125000,16111338,864,387,24.1006,11.3149,0.361,0.0489,0.0439
23,16250001,16275000,16261932,862,348,30.7451,8.3464,0.573,0.1095,0.0939
23,16450001,16475000,16463025,691,377,16.7933,0.1119,0.9868,0.0578,0.056
23,16500001,16525000,16512343,880,347,9.7698,5.7381,0.26,0.0165,0.0154
23,16525001,16550000,16537576,857,258,7.8571,6.0714,0.1282,0.0105,0.0093
23,16550001,16575000,16562521,916,281,6.75,6.0,0.0588,0.004,0.0036
23,16775001,16800000,16787951,796,371,10.0458,5.0493,0.331,0.0193,0.0174
23,16800001,16825000,16813587,1061,266,8.1746,0.7069,0.8408,0.0424,0.0361
23,16825001,16850000,16836704,1143,462,27.4119,5.9967,0.641,0.0725,0.0641
23,16850001,16875000,16862133,959,423,13.1825,5.4232,0.417,0.0329,0.0274
23,16875001,16900000,16887966,1044,415,15.9841,8.4549,0.3081,0.0246,0.0221
23,16900001,16925000,16913037,933,361,21.1438,6.0952,0.5525,0.0647,0.0597
23,16950001,16975000,16963745,947,311,11.5,11.3757,0.0054,0.0006,0.0005
23,16975001,17000000,16986665,993,378,19.0008,8.1544,0.3994,0.0407,0.0371
23,17000001,17025000,17012441,842,346,15.1111,10.25,0.1917,0.0194,0.018
23,17325001,17350000,17337389,929,265,18.8393,6.0238,0.5154,0.065,0.061
23,17350001,17375000,17361730,939,339,10.6824,6.6825,0.2303,0.0158,0.0146
23,17375001,17400000,17388434,1012,273,13.8492,10.0556,0.1587,0.0203,0.0183
23,17875001,17900000,17888427,922,318,21.4683,5.1746,0.6116,0.0837,0.0762
23,18025001,18050000,18036283,1068,307,13.9841,11.0595,0.1168,0.0136,0.0124
23,18050001,18075000,18062150,959,306,14.254,10.7302,0.141,0.014,0.0133
23,18075001,18100000,18087566,922,415,11.8411,10.2365,0.0727,0.0053,0.0049
23,18100001,18125000,18112228,981,374,11.1757,5.3048,0.3562,0.0205,0.0189
23,18125001,18150000,18136093,1166,360,6.7857,5.7134,0.0858,0.0039,0.0036
23,18150001,18175000,18161576,1021,439,21.8303,8.5573,0.4368,0.0435,0.0378
23,18175001,18200000,18186510,898,339,7.0886,4.9841,0.1743,0.0081,0.0074
23,18200001,18225000,18213591,1017,373,15.0161,5.3175,0.477,0.034,0.0317
23,18225001,18250000,18237393,1026,384,19.3889,3.2726,0.7112,0.0564,0.0521
23,18250001,18275000,18262419,1250,501,18.0079,11.4241,0.2237,0.0178,0.0157
23,18275001,18300000,18287264,1101,526,76.6164,10.2245,0.7645,0.2097,0.1712
23,18300001,18325000,18312055,1024,475,10.7433,9.079,0.084,0.0053,0.0047
23,18325001,18350000,18336936,1203,640,50.7622,24.6641,0.346,0.0818,0.0633
23,18350001,18375000,18362930,1105,536,7.1993,7.1235,0.0053,0.0002,0.0002
23,18375001,18400000,18387744,1038,388,5.627,21.4762,-0.5848,-0.0618,-0.0508
23,18400001,18425000,18411968,1094,330,12.9048,7.6214,0.2574,0.0245,0.0205
23,18425001,18450000,18436929,1062,398,13.8571,12.4441,0.0537,0.0058,0.0047
23,18475001,18500000,18487500,1196,266,4.4783,11.0556,-0.4234,-0.0393,-0.0333
23,18525001,18550000,18537177,944,259,4.1723,10.7433,-0.4405,-0.0497,-0.0398
23,18550001,18575000,18562207,1004,318,3.746,8.3333,-0.3798,-0.0223,-0.0198
23,18600001,18625000,18612753,898,308,3.0877,5.2873,-0.2626,-0.0104,-0.0094
23,18625001,18650000,18638163,969,369,5.9762,13.1667,-0.3756,-0.0299,-0.0263
23,18650001,18675000,18662035,1043,338,1.0086,15.7222,-0.8794,-0.0688,-0.0576
23,18675001,18700000,18688001,1014,386,13.4206,12.3095,0.0432,0.0046,0.0038
23,18700001,18725000,18712398,909,371,6.3095,9.3335,-0.1933,-0.0135,-0.0118
23,18725001,18750000,18737508,1005,379,6.0476,18.1758,-0.5007,-0.0541,-0.0441
23,18750001,18775000,18762473,1061,300,5.0556,7.0716,-0.1662,-0.0116,-0.01
23,19450001,19475000,19462720,1055,383,16.754,4.1032,0.6065,0.0449,0.043
23,19850001,19875000,19862938,1027,309,9.8651,5.8016,0.2594,0.0218,0.0202
23,19875001,19900000,19887425,1078,292,19.6825,7.7943,0.4327,0.0743,0.0656
23,19900001,19925000,19911378,1079,277,14.2698,4.7432,0.5011,0.0511,0.0471
23,19925001,19950000,19937679,969,341,16.8491,6.0159,0.4738,0.0452,0.0416
23,19950001,19975000,19961537,1067,252,9.4638,1.9762,0.6545,0.0441,0.0382
