scaffold,start,end,mid,sites,sitesUsed,ABBA,BABA,D,fd,fdM
16,14375001,14400000,14386207,658,311,17.4621,15.4181,0.0622,0.0294,0.017
16,14550001,14575000,14562722,503,252,20.725,3.6598,0.6998,0.2667,0.2088
16,14750001,14775000,14761039,737,349,64.9513,4.1753,0.8792,0.3275,0.2818
16,15550001,15575000,15562998,549,256,15.9288,20.9231,-0.1355,-0.0474,-0.029
16,15600001,15625000,15612670,626,284,9.1508,12.5967,-0.1584,-0.0337,-0.0212
16,15625001,15650000,15641956,987,255,16.3492,18.2506,-0.055,-0.0258,-0.0141
16,15700001,15725000,15711831,1928,778,165.3792,35.4438,0.647,0.4514,0.306
16,16225001,16250000,16237904,429,263,27.9206,2.8564,0.8144,0.2679,0.2367
16,16425001,16450000,16439544,658,329,11.5548,15.7128,-0.1525,-0.0531,-0.0287
16,16450001,16475000,16459190,594,286,8.2469,7.5933,0.0413,0.0093,0.0055
16,16875001,16900000,16887491,473,272,9.6742,9.0805,0.0317,0.0095,0.0056
16,17000001,17025000,17014473,1420,484,64.3193,5.2415,0.8493,0.2721,0.254
16,17075001,17100000,17084911,1144,362,33.3659,2.6333,0.8537,0.2234,0.2013
16,17100001,17125000,17110767,649,265,25.7724,3.7215,0.7476,0.2515,0.2101
16,18300001,18325000,18312301,547,288,25.0509,2.3278,0.83,0.2306,0.1907
16,18825001,18850000,18837644,681,356,10.2161,17.4453,-0.2613,-0.0587,-0.0399
16,20750001,20775000,20765720,789,324,36.5657,6.1349,0.7127,0.1999,0.1725
16,20775001,20800000,20786666,1025,279,39.4888,3.0079,0.8584,0.2195,0.1991
16,20800001,20825000,20812686,789,317,26.7939,7.2632,0.5735,0.1154,0.1031
16,20825001,20850000,20837312,717,332,30.2727,4.0255,0.7653,0.1499,0.1277
16,20850001,20875000,20863361,812,320,40.8515,4.9483,0.7839,0.2539,0.2126
16,21700001,21725000,21712337,935,366,57.4127,5.9328,0.8127,0.2564,0.2205
16,21725001,21750000,21737031,932,402,60.4763,7.4001,0.782,0.2518,0.21
16,21750001,21775000,21763241,981,456,75.7051,8.9841,0.7878,0.2551,0.2211
16,21775001,21800000,21787514,1115,411,48.2834,8.1603,0.7109,0.1731,0.1462
16,21800001,21825000,21812304,990,359,49.3868,8.3741,0.71,0.2089,0.1659
16,21825001,21850000,21836825,965,430,89.8378,10.6197,0.7886,0.4193,0.3379
16,22200001,22225000,22210886,1342,441,58.9031,19.0499,0.5112,0.1879,0.1512
16,22225001,22250000,22237793,1033,475,79.71,9.8011,0.781,0.3301,0.2676
16,22250001,22275000,22261264,808,295,42.4284,3.0159,0.8673,0.2616,0.235
16,22275001,22300000,22287237,805,339,37.1011,7.1457,0.677,0.1974,0.1687
16,22300001,22325000,22313216,967,363,38.6587,7.536,0.6737,0.2047,0.1576
16,22325001,22350000,22336247,841,355,35.8016,5.9444,0.7152,0.1847,0.1454
16,22350001,22375000,22362276,970,325,42.4937,8.4124,0.6695,0.2227,0.1701
16,22375001,22400000,22386949,789,301,22.4999,3.6429,0.7213,0.1626,0.1425
16,22400001,22425000,22412579,925,336,42.8647,6.0238,0.7536,0.2043,0.1691
16,22425001,22450000,22437362,850,309,14.0774,8.5154,0.2462,0.045,0.0309
16,22450001,22475000,22463101,907,403,20.9683,14.6523,0.1773,0.0527,0.0315
16,22475001,22500000,22487491,864,306,23.8968,13.6825,0.2718,0.083,0.0578
16,22500001,22525000,22511094,803,372,17.2778,10.0915,0.2626,0.0511,0.0363
16,22525001,22550000,22537719,815,388,29.527,14.8031,0.3321,0.086,0.0632
16,22550001,22575000,22562516,964,400,19.0,22.3016,-0.0799,-0.0199,-0.0131
16,22575001,22600000,22588094,933,317,21.5575,4.606,0.6479,0.1277,0.0899
16,22600001,22625000,22609090,850,259,34.7302,6.1032,0.7011,0.232,0.1964
16,22800001,22825000,22813052,909,430,74.1252,4.372,0.8886,0.2856,0.2399
16,22875001,22900000,22886986,1089,317,52.7879,6.5155,0.7803,0.2563,0.2162
16,22900001,22925000,22913361,986,350,42.1198,8.9921,0.6481,0.1786,0.1423
16,22925001,22950000,22936986,974,305,61.2933,2.254,0.9291,0.3306,0.2985
16,22950001,22975000,22963578,983,255,54.0783,4.2125,0.8555,0.3817,0.3215
16,22975001,23000000,22987790,998,394,56.9247,7.0556,0.7794,0.2224,0.1906
16,23000001,23025000,23012073,960,374,51.9921,0.6905,0.9738,0.2416,0.2204
16,23025001,23050000,23036296,867,306,42.8178,5.2107,0.783,0.2588,0.2379
16,23050001,23075000,23062867,931,411,61.3789,4.4836,0.8638,0.2615,0.2303
16,23075001,23100000,23086625,1021,251,32.6658,7.1508,0.6408,0.2005,0.1685
16,23625001,23650000,23637810,954,297,13.9683,17.7145,-0.1182,-0.0299,-0.0179
16,23650001,23675000,23661916,805,363,14.0,16.6907,-0.0877,-0.0182,-0.012
16,23675001,23700000,23685899,879,370,24.5282,13.3408,0.2954,0.0757,0.053
16,23725001,23750000,23738640,764,299,44.5837,4.9051,0.8018,0.2427,0.2155
16,23750001,23775000,23762531,855,325,53.8622,12.2145,0.6303,0.2675,0.219
16,23775001,23800000,23788175,700,344,29.8946,2.7372,0.8322,0.1715,0.1526
16,23800001,23825000,23811989,714,334,38.4296,4.7871,0.7785,0.1908,0.1607
16,23825001,23850000,23836943,1053,385,34.9944,9.5276,0.572,0.1168,0.0966
16,23850001,23875000,23862714,899,383,24.4567,18.5317,0.1378,0.0386,0.0277
16,23875001,23900000,23887711,905,360,13.9286,10.1393,0.1574,0.0298,0.0223
16,23900001,23925000,23912913,829,341,16.873,12.7396,0.1396,0.031,0.0205
16,23925001,23950000,23937681,812,272,21.0666,10.7937,0.3224,0.0721,0.0553
16,23950001,23975000,23963296,876,365,34.9517,14.0556,0.4264,0.1241,0.0886
16,23975001,24000000,23988355,909,358,20.0,14.3106,0.1658,0.0375,0.0229
16,24000001,24025000,24012070,900,415,27.722,17.7382,0.2196,0.0487,0.0325
16,24025001,24050000,24037547,1078,402,24.8944,25.3267,-0.0086,-0.0025,-0.0015
16,24050001,24075000,24062004,1054,377,25.4526,13.9938,0.2905,0.0735,0.047
16,24250001,24275000,24260159,703,268,55.9762,9.9365,0.6985,0.2961,0.2478
16,24275001,24300000,24287642,975,342,45.6429,4.427,0.8232,0.2026,0.1753
16,24300001,24325000,24312191,1040,315,37.8963,9.9443,0.5843,0.1842,0.1541
16,24325001,24350000,24337897,903,269,32.7857,6.9603,0.6498,0.1905,0.1585
16,24350001,24375000,24362283,1052,396,35.0138,12.0,0.4895,0.1257,0.1033
16,24375001,24400000,24387445,982,373,43.0714,10.8689,0.597,0.1821,0.1424
16,24400001,24425000,24412558,1206,326,52.0141,8.6673,0.7143,0.2362,0.1884
16,24425001,24450000,24437724,935,373,73.0794,8.0262,0.8021,0.2946,0.253
16,24450001,24475000,24463434,777,266,51.4248,4.0,0.8557,0.3271,0.2807
16,24475001,24500000,24486975,1255,296,45.4921,3.6594,0.8511,0.2458,0.2184
16,24500001,24525000,24512999,976,324,47.2965,3.0873,0.8774,0.2557,0.2167
16,24525001,24550000,24536958,1010,460,56.3016,2.3651,0.9194,0.1954,0.1677
16,24550001,24575000,24561530,832,360,53.4127,4.4683,0.8456,0.2254,0.1954
16,25100001,25125000,25108819,956,310,11.6522,25.582,-0.3741,-0.1647,-0.0779
16,25150001,25175000,25163261,1219,501,33.6496,20.9151,0.2334,0.0635,0.0422
16,25175001,25200000,25188674,1499,402,14.9808,21.7637,-0.1846,-0.0445,-0.0269
16,25275001,25300000,25284672,1449,292,6.1248,8.1175,-0.1399,-0.0199,-0.0127
16,25325001,25350000,25336560,1559,478,19.754,17.6407,0.0565,0.0199,0.0104
16,25400001,25425000,25412516,2084,374,21.2672,13.2924,0.2308,0.0977,0.0487
16,25425001,25450000,25434451,1196,612,39.0989,22.2334,0.275,0.1133,0.0623
16,25450001,25475000,25460309,902,298,20.8506,11.9475,0.2715,0.0612,0.0443
16,25475001,25500000,25488535,1050,267,45.0598,11.1069,0.6045,0.2948,0.219
16,25500001,25525000,25512208,1089,306,36.4996,6.7207,0.689,0.2129,0.1801
16,25525001,25550000,25538128,1002,371,41.0828,8.6508,0.6521,0.176,0.1502
16,25550001,25575000,25563079,945,352,44.6429,6.2304,0.7551,0.2638,0.2262
16,25575001,25600000,25587156,932,340,37.0079,10.0397,0.5732,0.182,0.1526
16,25600001,25625000,25612372,973,332,28.7249,12.9243,0.3794,0.1078,0.0871
16,25625001,25650000,25637117,748,280,35.9841,10.9524,0.5333,0.1807,0.1433
16,25650001,25675000,25662611,875,396,58.1016,13.2937,0.6276,0.2127,0.1786
16,25675001,25700000,25684071,744,327,50.6991,7.0224,0.7567,0.2574,0.2121
16,25800001,25825000,25812473,890,286,44.664,4.6825,0.8102,0.2493,0.2051
16,26325001,26350000,26338061,764,344,36.9862,9.8285,0.5801,0.1537,0.1303
16,26350001,26375000,26362537,901,373,43.3385,16.0877,0.4586,0.1462,0.1203
16,26375001,26400000,26386709,900,348,52.99,14.025,0.5814,0.1887,0.1587
16,26400001,26425000,26413758,775,354,46.2785,8.9275,0.6766,0.1959,0.1739
16,26625001,26650000,26637028,930,314,45.7657,10.6905,0.6213,0.2249,0.1734
16,26650001,26675000,26662641,957,342,58.2157,6.4762,0.7998,0.2438,0.2187
16,26675001,26700000,26687335,793,300,42.8571,8.0382,0.6841,0.2114,0.1794
16,26700001,26725000,26712466,959,364,54.9721,7.5476,0.7586,0.2306,0.2008
16,26725001,26750000,26737396,1007,318,61.7138,1.2143,0.9614,0.3533,0.3064
16,26750001,26775000,26761673,1094,378,60.6719,5.1508,0.8435,0.2687,0.2325
16,26775001,26800000,26786674,1042,363,53.7894,5.2085,0.8234,0.2488,0.2188
16,26800001,26825000,26812156,887,325,48.1853,10.5515,0.6407,0.2102,0.1781
16,26825001,26850000,26837091,957,315,16.0238,14.9127,0.0359,0.0084,0.0056
16,26850001,26875000,26861978,923,361,15.0238,16.6299,-0.0507,-0.0097,-0.0063
16,26875001,26900000,26887716,1101,449,24.6587,18.9264,0.1315,0.0253,0.0164
16,26900001,26925000,26912580,863,361,13.0,18.5723,-0.1765,-0.03,-0.021
16,26925001,26950000,26938556,1093,383,26.8333,22.3968,0.0901,0.0203,0.014
16,26950001,26975000,26962259,956,305,16.0173,10.1508,0.2242,0.0358,0.0258
16,26975001,27000000,26985612,688,300,14.6495,13.0456,0.0579,0.0115,0.008
16,27000001,27025000,27012361,709,310,6.0,4.2552,0.1701,0.0128,0.0087
16,27025001,27050000,27038140,797,330,14.0,25.0079,-0.2822,-0.0672,-0.0446
16,27050001,27075000,27063167,1094,362,23.0,15.1587,0.2055,0.0453,0.0276
16,27250001,27275000,27262918,1041,294,33.814,10.8175,0.5153,0.1372,0.1173
16,27350001,27375000,27363109,946,311,26.1667,11.1125,0.4038,0.087,0.068
16,27375001,27400000,27386379,927,357,41.4677,14.9755,0.4694,0.1244,0.1026
16,27400001,27425000,27413203,994,332,35.8593,12.7428,0.4756,0.1439,0.1111
16,27425001,27450000,27437946,1002,392,48.7118,11.4196,0.6202,0.2314,0.1677
16,27450001,27475000,27462507,1043,340,32.7698,11.2179,0.49,0.1375,0.1033
16,27475001,27500000,27486708,922,328,27.3746,11.21,0.4189,0.0963,0.0725
16,27500001,27525000,27512609,990,285,23.7778,7.6218,0.5145,0.113,0.0927
16,28175001,28200000,28188006,1984,321,10.0224,11.0284,-0.0478,-0.0537,-0.0098
16,28300001,28325000,28312611,1463,355,13.4274,13.142,0.0107,0.0033,0.0017
16,28350001,28375000,28363110,1993,296,8.3503,6.2433,0.1444,0.0373,0.0203
16,28375001,28400000,28386610,1806,321,11.6263,10.2181,0.0645,0.0197,0.0093
16,28425001,28450000,28436914,1887,289,15.39,10.1278,0.2062,0.063,0.0389
16,28450001,28475000,28461157,928,277,21.9451,7.1613,0.5079,0.1567,0.1088
16,28475001,28500000,28487848,991,434,49.0242,25.7511,0.3112,0.135,0.0927
16,28500001,28525000,28511960,1208,386,35.4425,24.9321,0.1741,0.0852,0.0552
16,28525001,28550000,28536517,1011,416,29.5371,16.6632,0.2787,0.1001,0.064
16,28550001,28575000,28562401,852,366,28.678,20.3922,0.1689,0.065,0.0423
16,28600001,28625000,28614198,818,314,32.3889,8.5102,0.5838,0.2245,0.1231
16,28650001,28675000,28661063,1152,421,24.8465,24.5987,0.005,0.002,0.0011
16,28675001,28700000,28687275,783,341,7.8945,17.0004,-0.3658,-0.0806,-0.0498
16,29025001,29050000,29038020,851,262,17.381,24.438,-0.1688,-0.0653,-0.0397
16,29300001,29325000,29309677,641,267,46.6199,2.5397,0.8967,0.3627,0.3061
16,29325001,29350000,29338524,615,250,35.6854,5.0678,0.7513,0.2679,0.2338
16,29500001,29525000,29513522,1037,370,16.144,20.6595,-0.1227,-0.0388,-0.0229
16,29525001,29550000,29536277,1459,501,39.494,17.9221,0.3757,0.1358,0.0678
16,29550001,29575000,29563744,870,256,18.7212,6.0646,0.5106,0.1352,0.0968
16,29600001,29625000,29615145,808,282,30.2376,2.1742,0.8658,0.2823,0.2414
16,29975001,30000000,29988235,784,315,13.373,10.5422,0.1184,0.0281,0.0169
