scaffold,start,end,mid,sites,sitesUsed,ABBA,BABA,D,fd,fdM
18,2950001,2975000,2962392,1447,530,73.8083,8.7224,0.7886,0.2763,0.236
18,2975001,3000000,2987104,1519,302,41.1471,4.0955,0.819,0.2402,0.2074
18,3000001,3025000,3011582,1447,410,44.8892,3.4075,0.8589,0.1842,0.1703
18,3025001,3050000,3037964,1483,580,91.6454,11.9324,0.7696,0.2425,0.2025
18,3050001,3075000,3062777,1340,464,51.5487,10.5946,0.659,0.2055,0.1715
18,3075001,3100000,3087890,1437,305,42.1143,7.385,0.7016,0.2249,0.1918
18,3150001,3175000,3161824,1513,584,62.4743,6.4296,0.8134,0.1725,0.1611
18,3175001,3200000,3187103,1516,635,83.7491,11.5604,0.7574,0.2592,0.2252
18,3200001,3225000,3212805,1312,458,39.9975,7.0594,0.7,0.1619,0.1403
18,3225001,3250000,3238295,1366,259,15.3858,3.5265,0.6271,0.0836,0.0778
18,3250001,3275000,3262426,1399,536,57.9679,12.9694,0.6343,0.1558,0.1388
18,3275001,3300000,3288397,1720,597,96.8143,13.6729,0.7525,0.3463,0.2774
18,3325001,3350000,3338042,2436,739,124.0414,6.4539,0.9011,0.4546,0.3806
18,3350001,3375000,3362446,1775,734,116.9444,8.0206,0.8716,0.3499,0.31
18,3375001,3400000,3387449,1456,396,46.2107,4.9373,0.8069,0.2531,0.2234
18,3425001,3450000,3438372,1615,626,109.9188,5.6625,0.902,0.3607,0.3293
18,3450001,3475000,3462451,1949,717,75.1418,9.3584,0.7785,0.2255,0.2061
18,3475001,3500000,3487625,1854,648,154.6009,6.8316,0.9154,0.4953,0.4448
18,3500001,3525000,3513680,2147,256,21.9285,1.1503,0.9003,0.2377,0.2174
18,4650001,4675000,4661534,1127,341,24.3414,9.1368,0.4542,0.0621,0.058
18,4675001,4700000,4687739,1073,286,9.9705,5.4444,0.2936,0.0247,0.0219
18,4700001,4725000,4713109,1113,442,1.5317,16.6032,-0.8311,-0.0561,-0.0475
18,4725001,4750000,4737701,1257,432,22.0037,13.5927,0.2363,0.0434,0.034
18,4775001,4800000,4786208,1248,344,7.8373,21.3757,-0.4634,-0.0724,-0.0557
18,4800001,4825000,4812650,1213,375,10.1984,11.5497,-0.0621,-0.0067,-0.0053
18,4825001,4850000,4835923,906,250,1.0,11.6941,-0.8424,-0.067,-0.0548
18,4875001,4900000,4887272,1132,287,13.873,13.2937,0.0213,0.0033,0.0027
18,4900001,4925000,4913094,1328,322,24.0,9.3889,0.4376,0.0749,0.0552
18,4950001,4975000,4962337,945,284,4.0238,9.6111,-0.4098,-0.0331,-0.0262
18,4975001,5000000,4987607,948,387,3.0878,17.6751,-0.7026,-0.0643,-0.0536
18,5000001,5025000,5012215,1223,391,3.127,22.1032,-0.7521,-0.0757,-0.0641
18,5175001,5200000,5188008,1162,374,4.1034,10.0766,-0.4212,-0.0282,-0.0241
18,5200001,5225000,5212838,950,364,3.3016,14.6914,-0.633,-0.0595,-0.0476
18,5325001,5350000,5337658,882,309,17.9127,6.127,0.4903,0.056,0.052
18,5350001,5375000,5362532,1072,517,38.7049,10.6848,0.5673,0.0769,0.0718
18,5375001,5400000,5386902,1106,397,23.3679,4.5805,0.6722,0.0652,0.0617
18,5400001,5425000,5412769,1052,399,23.6596,7.9921,0.495,0.0578,0.0543
18,5425001,5450000,5438245,990,303,19.1004,6.9841,0.4645,0.0581,0.0544
18,5450001,5475000,5461868,1037,371,17.1661,7.9817,0.3652,0.0353,0.0332
18,5475001,5500000,5487774,1051,319,13.0238,9.0476,0.1802,0.0193,0.0174
18,5500001,5525000,5512060,1031,441,18.1409,13.8016,0.1358,0.0126,0.0117
18,5550001,5575000,5562997,998,294,10.5873,14.0418,-0.1403,-0.0185,-0.0168
18,5600001,5625000,5611894,1155,317,12.6871,8.1632,0.217,0.0282,0.0222
18,5625001,5650000,5635478,977,296,33.0373,5.1538,0.7301,0.1867,0.1471
18,5650001,5675000,5661959,1181,364,34.7952,11.6732,0.4976,0.1372,0.1021
18,5675001,5700000,5687844,1163,337,3.0714,18.7945,-0.7191,-0.0763,-0.0626
18,5700001,5725000,5713441,1344,393,6.0166,15.769,-0.4477,-0.0391,-0.033
18,5725001,5750000,5735897,1251,364,1.0159,8.5397,-0.7874,-0.0313,-0.0279
18,5750001,5775000,5762097,1067,339,5.381,15.2302,-0.4779,-0.0466,-0.0387
18,5775001,5800000,5787221,1250,319,6.9762,11.3463,-0.2385,-0.0244,-0.0207
18,5800001,5825000,5811755,1103,333,8.3123,11.3777,-0.1557,-0.0161,-0.0139
18,5825001,5850000,5837719,1167,357,17.4204,8.1646,0.3618,0.0423,0.0396
18,5875001,5900000,5887495,1035,315,14.5218,5.1673,0.4751,0.0452,0.0424
18,5900001,5925000,5911836,1164,344,12.0531,3.0238,0.5989,0.0391,0.0375
18,5925001,5950000,5937478,1193,269,8.7302,9.1589,-0.024,-0.0023,-0.0021
18,5950001,5975000,5962386,1109,548,5.6587,29.2616,-0.6759,-0.0641,-0.0532
18,6100001,6125000,6110885,1076,302,8.9214,5.0714,0.2751,0.0202,0.0186
18,6475001,6500000,6487926,1265,318,19.6204,7.9444,0.4236,0.0561,0.0535
18,6500001,6525000,6512324,1220,330,13.4623,2.8175,0.6539,0.055,0.048
18,6525001,6550000,6537271,1114,367,26.9593,3.7063,0.7583,0.0906,0.0854
18,6550001,6575000,6562964,1241,354,15.8411,3.5353,0.6351,0.0519,0.0492
18,6575001,6600000,6587791,993,311,20.2445,8.1778,0.4245,0.0641,0.0575
18,6625001,6650000,6638177,932,281,16.1138,8.786,0.2943,0.0375,0.0338
18,6650001,6675000,6662777,1135,270,8.8868,5.0192,0.2781,0.0231,0.0217
18,6675001,6700000,6687962,1282,410,33.2005,2.8571,0.8415,0.1066,0.104
18,6700001,6725000,6711678,1007,330,11.8333,9.2937,0.1202,0.0111,0.0102
18,6725001,6750000,6736896,1201,282,5.1029,10.1111,-0.3292,-0.0294,-0.0256
18,6750001,6775000,6761893,1083,274,13.7956,4.9603,0.4711,0.0489,0.0463
18,6775001,6800000,6787389,1159,272,15.5794,9.6116,0.2369,0.0376,0.033
18,6800001,6825000,6812177,1202,278,11.5579,5.0397,0.3927,0.0441,0.0403
18,6825001,6850000,6836598,1084,317,16.246,3.347,0.6583,0.0688,0.0636
18,6850001,6875000,6862326,1086,368,28.7998,11.5173,0.4287,0.0761,0.0686
18,6900001,6925000,6911819,1071,275,18.3798,7.9676,0.3952,0.0673,0.0578
18,6925001,6950000,6937222,1109,365,21.6524,5.4668,0.5968,0.0751,0.0698
18,6975001,7000000,6986637,980,392,18.8968,5.1346,0.5727,0.0554,0.0525
18,7000001,7025000,7012813,982,513,4.6547,8.1272,-0.2717,-0.0104,-0.0095
18,7025001,7050000,7038205,986,458,3.7687,17.6846,-0.6487,-0.0568,-0.0483
18,7050001,7075000,7063191,1348,404,6.3173,6.3016,0.0012,0.0001,0.0001
18,7075001,7100000,7088245,1539,458,16.815,23.3288,-0.1623,-0.0367,-0.0243
18,7100001,7125000,7112291,1489,617,40.6852,26.4506,0.212,0.0725,0.0492
18,7125001,7150000,7137482,1953,907,76.7579,36.0911,0.3604,0.1418,0.0902
18,7225001,7250000,7236456,2411,776,23.1841,36.9377,-0.2288,-0.085,-0.0428
18,7325001,7350000,7338440,2977,259,8.9825,6.8866,0.1321,0.0588,0.0267
18,7350001,7375000,7362158,2203,352,29.6949,9.876,0.5008,0.2417,0.1487
18,7850001,7875000,7859580,1137,476,19.3791,22.3935,-0.0722,-0.0117,-0.0091
18,7875001,7900000,7887751,721,332,21.3896,15.7066,0.1532,0.0302,0.025
18,7900001,7925000,7911854,1255,407,10.466,16.6791,-0.2289,-0.0273,-0.0234
18,7925001,7950000,7937652,1502,350,15.1146,9.6453,0.2209,0.0332,0.0277
18,7950001,7975000,7963053,1402,393,11.8179,22.6467,-0.3142,-0.1017,-0.0572
18,7975001,8000000,7987628,1267,464,6.497,18.7144,-0.4846,-0.047,-0.0379
18,8000001,8025000,8011674,1188,328,14.975,14.8098,0.0055,0.0009,0.0007
18,8025001,8050000,8037529,1160,317,4.873,13.9929,-0.4834,-0.0462,-0.0403
18,8050001,8075000,8061265,1124,472,24.0153,20.7603,0.0727,0.0145,0.0119
18,8075001,8100000,8087263,1076,346,5.0873,17.4467,-0.5485,-0.0656,-0.0526
18,8100001,8125000,8111496,977,356,8.9759,12.2937,-0.156,-0.0167,-0.0137
18,8175001,8200000,8187611,1004,368,7.9718,8.0794,-0.0067,-0.0005,-0.0004
18,8225001,8250000,8238482,805,292,2.4683,11.3783,-0.6435,-0.0574,-0.0458
18,8250001,8275000,8262816,1142,347,7.522,17.055,-0.3879,-0.0542,-0.0435
18,8275001,8300000,8287079,1051,322,5.5397,11.8651,-0.3634,-0.0359,-0.0304
18,8300001,8325000,8311958,1063,258,5.0714,7.3985,-0.1866,-0.0178,-0.0144
18,8325001,8350000,8338166,1214,326,7.0159,16.0789,-0.3924,-0.0484,-0.0407
18,8350001,8375000,8362399,1088,400,14.0,11.2204,0.1102,0.0132,0.011
18,8375001,8400000,8386585,1165,337,10.9246,6.2547,0.2718,0.0261,0.0222
18,8400001,8425000,8412353,962,343,4.2411,7.0714,-0.2502,-0.0135,-0.012
18,8425001,8450000,8437453,1178,360,4.1031,14.3891,-0.5562,-0.0513,-0.041
18,8525001,8550000,8537887,1017,258,8.5799,4.0635,0.3572,0.0267,0.0247
18,8575001,8600000,8588141,927,290,4.8889,10.1114,-0.3482,-0.0277,-0.0242
18,8600001,8625000,8612324,1120,274,4.0794,6.0,-0.1906,-0.0125,-0.0108
18,8625001,8650000,8637007,1346,321,11.1423,11.6384,-0.0218,-0.0029,-0.0023
18,8650001,8675000,8662716,1124,264,8.674,13.1607,-0.2055,-0.0306,-0.0252
18,8675001,8700000,8687675,1091,332,5.2619,14.8016,-0.4755,-0.0504,-0.0419
18,8725001,8750000,8737401,1064,371,2.9127,26.8038,-0.804,-0.0982,-0.0807
18,8750001,8775000,8762316,1108,404,3.1902,20.2857,-0.7282,-0.0627,-0.0548
18,8775001,8800000,8787527,980,434,1.8095,27.2469,-0.8754,-0.086,-0.0739
18,8800001,8825000,8811196,980,307,6.1116,9.2381,-0.2037,-0.0148,-0.0136
18,8825001,8850000,8837063,953,417,8.6349,17.9524,-0.3504,-0.0366,-0.0318
18,8850001,8875000,8861841,1128,429,5.3333,17.0317,-0.5231,-0.0452,-0.039
18,8875001,8900000,8887352,1008,363,4.0159,18.0971,-0.6368,-0.0575,-0.0504
18,8900001,8925000,8911944,1099,418,9.3186,18.8615,-0.3386,-0.0331,-0.0293
18,8950001,8975000,8962551,898,280,3.4206,13.0878,-0.5856,-0.0489,-0.0438
18,8975001,9000000,8986946,911,425,2.6349,22.3414,-0.789,-0.0651,-0.0575
18,9000001,9025000,9012353,1015,390,22.7894,6.2225,0.571,0.0556,0.0519
18,9025001,9050000,9036870,949,258,11.7858,3.0476,0.5891,0.0458,0.0437
18,9550001,9575000,9562168,1027,348,9.8328,12.6374,-0.1248,-0.0106,-0.0099
18,9575001,9600000,9587920,1008,459,14.1429,10.2811,0.1581,0.0116,0.0109
18,9600001,9625000,9613318,954,308,17.2619,8.1905,0.3564,0.044,0.0393
18,9875001,9900000,9888047,886,363,23.9834,2.9921,0.7782,0.0792,0.0762
18,9900001,9925000,9911417,946,478,23.5416,3.381,0.7488,0.059,0.0572
18,9925001,9950000,9937416,950,511,29.0466,7.0,0.6116,0.0596,0.0573
18,9950001,9975000,9961956,982,492,22.7281,13.2927,0.2619,0.0263,0.0247
18,9975001,10000000,9987753,941,380,8.8144,11.9619,-0.1515,-0.0138,-0.0126
18,10000001,10025000,10011903,856,278,12.0238,5.6746,0.3587,0.0373,0.0336
18,10025001,10050000,10038026,953,333,11.7143,5.0079,0.401,0.028,0.0261
18,10050001,10075000,10062049,856,303,19.8895,10.0794,0.3273,0.0512,0.0457
18,10075001,10100000,10087228,1168,325,14.1746,8.1267,0.2712,0.0261,0.0239
18,10125001,10150000,10136519,1004,293,12.9469,3.2111,0.6025,0.0576,0.0522
18,10175001,10200000,10187717,979,272,13.2222,9.2698,0.1757,0.027,0.0226
18,10225001,10250000,10237719,984,318,12.7381,5.068,0.4308,0.0367,0.0327
18,10250001,10275000,10262387,1116,451,30.5239,10.0397,0.505,0.0679,0.0623
18,10275001,10300000,10286823,1063,356,11.9759,6.0,0.3324,0.0256,0.0238
18,10300001,10325000,10313215,855,388,14.746,10.0934,0.1873,0.0155,0.0145
18,10325001,10350000,10336940,1010,311,7.1403,9.1907,-0.1256,-0.0105,-0.0089
18,10350001,10375000,10362561,1054,328,6.2579,7.0728,-0.0611,-0.0038,-0.0035
18,10375001,10400000,10385259,872,282,3.881,10.1587,-0.4471,-0.0365,-0.0318
18,10575001,10600000,10586931,924,279,11.4339,8.415,0.1521,0.0183,0.016
18,10750001,10775000,10762960,908,325,24.7131,11.6349,0.3598,0.0801,0.0697
18,10775001,10800000,10788179,901,382,9.4624,10.7328,-0.0629,-0.0066,-0.0056
18,11175001,11200000,11186707,1094,308,10.2787,17.2497,-0.2532,-0.0414,-0.0327
18,11375001,11400000,11387431,935,393,14.7381,6.2222,0.4063,0.0304,0.0295
18,11400001,11425000,11412546,957,358,17.4292,9.2698,0.3056,0.0321,0.0305
18,11425001,11450000,11437872,1139,458,14.0156,11.4397,0.1012,0.0083,0.0074
18,11450001,11475000,11462701,874,351,14.4921,7.5516,0.3149,0.0287,0.0272
18,11475001,11500000,11486879,811,338,4.9921,8.5867,-0.2647,-0.0147,-0.0136
18,11500001,11525000,11511557,902,331,9.0317,9.1032,-0.0039,-0.0003,-0.0003
18,11525001,11550000,11537139,840,336,13.9621,9.2065,0.2053,0.0195,0.0182
18,11550001,11575000,11562112,885,281,14.735,7.0,0.3559,0.0359,0.0335
18,11575001,11600000,11587995,884,398,11.4365,9.6631,0.0841,0.0063,0.0059
18,15575001,15600000,15587419,1083,364,12.0159,16.557,-0.1589,-0.0221,-0.0168
18,15600001,15625000,15612314,1011,331,15.8651,12.6181,0.114,0.0188,0.0145
18,16350001,16375000,16362895,1223,465,74.1701,4.7253,0.8802,0.2921,0.2566
18,16375001,16400000,16387675,1062,366,66.0917,2.7473,0.9202,0.2745,0.2615
18,16400001,16425000,16413048,1183,445,31.2381,13.1602,0.4072,0.0872,0.0682
18,16425001,16450000,16437054,1003,416,4.6286,23.8597,-0.6751,-0.1081,-0.0704
18,16450001,16475000,16462825,1000,373,12.3651,14.1126,-0.066,-0.0105,-0.0075
18,16475001,16500000,16485936,986,333,11.5084,17.6585,-0.2109,-0.0431,-0.0276
18,16500001,16525000,16512696,1223,263,9.5681,15.7698,-0.2448,-0.0549,-0.0349
18,16525001,16550000,16537820,1231,318,16.1226,12.9269,0.11,0.021,0.0159
18,16550001,16575000,16562839,1240,313,5.0079,14.0952,-0.4757,-0.0682,-0.0431
18,16575001,16600000,16587401,1358,301,7.746,8.0004,-0.0162,-0.0021,-0.0013
18,16625001,16650000,16638238,1250,270,5.4048,10.3492,-0.3139,-0.0337,-0.0256
18,16650001,16675000,16662460,1164,343,7.0347,13.6824,-0.3209,-0.0428,-0.0303
18,16675001,16700000,16687534,1015,314,9.4048,24.0819,-0.4383,-0.09,-0.0621
18,16775001,16800000,16787955,960,268,10.5486,12.2307,-0.0738,-0.0123,-0.0086
18,16800001,16825000,16812728,1114,267,3.0238,7.9762,-0.4502,-0.0353,-0.0244
18,22200001,22225000,22214151,824,263,26.3308,10.6502,0.424,0.17,0.1131
18,22400001,22425000,22414438,708,259,23.3166,6.9013,0.5432,0.1566,0.113
18,26350001,26375000,26363026,1073,369,42.4965,9.4758,0.6354,0.2903,0.1883
18,26375001,26400000,26387636,1461,582,90.5555,8.8208,0.8225,0.4197,0.3329
18,26400001,26425000,26411677,1274,563,95.1598,9.6447,0.8159,0.3937,0.31
18,26425001,26450000,26438475,1052,284,35.3721,8.5462,0.6108,0.2284,0.1909
18,26725001,26750000,26737297,1200,331,11.3166,7.2448,0.2194,0.0575,0.0365
18,26750001,26775000,26761786,1423,371,28.4135,10.568,0.4578,0.1646,0.1051
18,26775001,26800000,26787596,1560,308,27.7376,7.7829,0.5618,0.209,0.1517
18,27425001,27450000,27438075,1041,312,33.6248,2.9597,0.8382,0.2195,0.1895
18,27550001,27575000,27563541,803,343,40.4277,4.5832,0.7964,0.2657,0.2332
18,27600001,27625000,27611669,870,298,46.3765,6.1788,0.7649,0.337,0.2874
18,27625001,27650000,27637479,673,287,27.3492,5.8333,0.6484,0.2248,0.1848
18,27650001,27675000,27662442,734,268,32.2874,5.254,0.7201,0.2428,0.2032
18,28725001,28750000,28737603,1046,284,36.4834,5.0412,0.7572,0.2611,0.2244
18,28750001,28775000,28762217,876,286,18.6699,10.3771,0.2855,0.0987,0.0655
18,29275001,29300000,29287801,1297,339,18.2882,11.7627,0.2171,0.0924,0.0435
18,29300001,29325000,29312178,1805,363,13.518,13.0696,0.0169,0.0082,0.0035
18,29450001,29475000,29461284,1561,336,10.3328,18.3814,-0.2803,-0.1147,-0.0536
18,29475001,29500000,29487714,1658,373,12.1176,39.6971,-0.5323,-0.4293,-0.1437
18,29500001,29525000,29513067,991,362,41.5183,10.1807,0.6062,0.3645,0.1704
18,29525001,29550000,29537277,1268,422,38.2419,18.3275,0.352,0.123,0.0855
18,29775001,29800000,29787505,980,275,25.7591,5.5946,0.6431,0.1564,0.1354
