scaffold,start,end,mid,sites,sitesUsed,ABBA,BABA,D,fd,fdM
1,1025001,1050000,1038243,1061,298,27.4028,13.3163,0.3459,0.1332,0.0782
1,2900001,2925000,2913056,702,281,15.3641,13.0563,0.0812,0.0289,0.0174
1,2925001,2950000,2937833,705,256,8.1123,9.4945,-0.0785,-0.0187,-0.0096
1,4100001,4125000,4112635,678,264,39.2747,8.4524,0.6458,0.2405,0.2048
1,4575001,4600000,4588426,626,275,12.8882,10.4764,0.1032,0.0415,0.0219
1,5850001,5875000,5862748,580,255,31.9985,2.4364,0.8585,0.2879,0.2547
1,7400001,7425000,7414033,837,252,30.119,6.9841,0.6235,0.1708,0.1459
1,7425001,7450000,7436315,1139,312,48.9683,9.3413,0.6796,0.2239,0.1894
1,7450001,7475000,7462825,949,341,32.4206,15.0635,0.3655,0.0993,0.0779
1,7475001,7500000,7486450,894,381,19.8413,29.6066,-0.1975,-0.0549,-0.0375
1,7500001,7525000,7513754,1023,309,21.4909,8.7937,0.4193,0.0792,0.0605
1,7525001,7550000,7538316,912,314,22.6429,8.9127,0.4351,0.1102,0.0766
1,7575001,7600000,7586034,1206,369,24.6598,16.3867,0.2016,0.0556,0.0361
1,7600001,7625000,7613130,985,267,14.0,14.2311,-0.0082,-0.0021,-0.0014
1,8150001,8175000,8162598,906,269,39.3475,7.4048,0.6832,0.2015,0.1544
1,8175001,8200000,8187171,933,279,20.0635,18.9593,0.0283,0.0087,0.0056
1,8200001,8225000,8212110,990,312,14.6201,16.7878,-0.069,-0.016,-0.0109
1,8225001,8250000,8237520,970,325,11.1828,17.7438,-0.2268,-0.0508,-0.0336
1,8250001,8275000,8262867,987,350,14.2779,13.0317,0.0456,0.0084,0.0057
1,8275001,8300000,8288205,853,312,18.8651,17.0375,0.0509,0.0144,0.0098
1,8300001,8325000,8312017,920,348,15.4107,16.8013,-0.0432,-0.0124,-0.008
1,8325001,8350000,8336501,970,279,28.8492,5.2783,0.6907,0.1991,0.1542
1,8425001,8450000,8436983,970,324,65.8881,9.4022,0.7502,0.2489,0.2179
1,8450001,8475000,8463264,903,269,61.7678,6.373,0.8129,0.298,0.272
1,8475001,8500000,8487204,955,314,55.9663,5.9238,0.8086,0.2755,0.2401
1,8525001,8550000,8536793,1034,261,37.7693,3.0,0.8528,0.2206,0.2014
1,8775001,8800000,8787487,1117,260,52.3254,8.119,0.7314,0.2939,0.232
1,8800001,8825000,8812759,973,367,62.8095,7.0952,0.797,0.2333,0.2057
1,8825001,8850000,8837134,943,347,52.7247,5.2381,0.8193,0.2001,0.1844
1,8875001,8900000,8888569,1112,298,72.7143,5.016,0.8709,0.3392,0.3126
1,8950001,8975000,8962072,828,266,33.5952,6.8889,0.6597,0.1682,0.1492
1,8975001,9000000,8986780,876,299,53.389,9.881,0.6877,0.2443,0.202
1,9500001,9525000,9512224,941,352,54.8897,3.6111,0.8765,0.2514,0.2097
1,9525001,9550000,9537602,932,338,29.8889,6.0,0.6656,0.1306,0.116
1,9550001,9575000,9562086,885,257,26.3693,8.9841,0.4918,0.1249,0.1071
1,9575001,9600000,9587799,762,263,26.288,6.1349,0.6216,0.1495,0.1237
1,9600001,9625000,9612200,818,298,33.7789,12.0238,0.475,0.1546,0.1245
1,9625001,9650000,9637366,799,330,33.1466,7.171,0.6443,0.1767,0.1414
1,9650001,9675000,9661446,810,330,45.7143,8.1032,0.6989,0.1708,0.1503
1,9700001,9725000,9713088,898,332,56.764,11.9871,0.6513,0.2252,0.1902
1,9725001,9750000,9737731,886,256,52.5038,6.6746,0.7744,0.2622,0.2266
1,10025001,10050000,10037348,959,364,55.873,5.2302,0.8288,0.2252,0.197
1,10100001,10125000,10113022,835,329,37.8158,10.1627,0.5764,0.1613,0.1341
1,10125001,10150000,10136815,993,287,31.3246,5.7336,0.6906,0.2011,0.1545
1,10150001,10175000,10162172,757,308,44.7409,11.4953,0.5912,0.2098,0.1712
1,10175001,10200000,10186688,752,280,42.011,8.0694,0.6777,0.2088,0.1798
1,10200001,10225000,10213175,703,307,46.3413,7.119,0.7337,0.1822,0.1614
1,10225001,10250000,10236663,746,312,56.5069,4.0635,0.8658,0.2531,0.2326
1,10250001,10275000,10262382,773,362,51.053,6.4921,0.7744,0.2324,0.2052
1,10275001,10300000,10287934,676,327,54.7778,11.2778,0.6585,0.2425,0.2085
1,10300001,10325000,10311912,979,355,47.951,11.3492,0.6172,0.1842,0.1562
1,10325001,10350000,10337476,1017,274,30.3333,10.9127,0.4708,0.1578,0.127
1,10350001,10375000,10362683,957,347,52.0267,11.1134,0.648,0.2118,0.1847
1,10625001,10650000,10637597,988,303,62.151,8.0476,0.7707,0.3124,0.2599
1,10650001,10675000,10661639,1032,383,51.619,12.4444,0.6115,0.1871,0.1526
1,10675001,10700000,10687334,1145,351,47.0211,13.9853,0.5415,0.1557,0.1257
1,10700001,10725000,10710563,856,275,45.4895,14.5704,0.5148,0.1966,0.1645
1,10775001,10800000,10786644,784,301,48.723,6.6667,0.7593,0.212,0.1784
1,10800001,10825000,10813348,980,251,42.8683,6.0317,0.7533,0.2099,0.1784
1,10900001,10925000,10912115,945,316,59.7421,4.881,0.8489,0.2685,0.236
1,10975001,11000000,10987052,1029,334,40.9046,11.9762,0.547,0.177,0.1331
1,11000001,11025000,11013273,935,342,40.6011,12.1429,0.5396,0.1605,0.1272
1,11025001,11050000,11037570,900,267,42.8405,4.081,0.8261,0.2628,0.2341
1,11050001,11075000,11063139,964,329,57.4615,8.0397,0.7545,0.2604,0.2248
1,11075001,11100000,11087963,1046,353,45.0804,11.0873,0.6052,0.1412,0.1237
1,11100001,11125000,11112231,959,304,48.0118,4.0977,0.8427,0.2804,0.2235
1,11125001,11150000,11137272,938,315,34.318,15.6056,0.3748,0.1127,0.0871
1,11175001,11200000,11187966,791,316,38.8894,11.2778,0.5504,0.1671,0.13
1,11200001,11225000,11212998,998,297,31.8442,13.9956,0.3894,0.1169,0.0865
1,11225001,11250000,11236129,1058,294,44.7272,9.5952,0.6467,0.2132,0.1744
1,11400001,11425000,11413386,1134,337,11.3111,16.3925,-0.1834,-0.0446,-0.0257
1,11425001,11450000,11438712,1104,319,10.6535,10.4663,0.0089,0.002,0.0011
1,11450001,11475000,11461947,1039,254,12.133,9.9234,0.1002,0.031,0.0191
1,11475001,11500000,11487361,1035,331,10.4444,13.4557,-0.126,-0.0247,-0.0161
1,11525001,11550000,11537323,1122,375,42.5727,13.2063,0.5265,0.169,0.1425
1,11550001,11575000,11562713,1150,313,61.2778,6.0721,0.8197,0.326,0.2815
1,11575001,11600000,11587755,1074,400,57.383,8.8016,0.734,0.2533,0.2129
1,11600001,11625000,11612766,1249,298,47.443,4.9622,0.8106,0.283,0.2403
1,11625001,11650000,11637885,1156,352,43.3917,7.373,0.7095,0.2065,0.1768
1,11650001,11675000,11663108,1159,401,64.746,7.7778,0.7855,0.2614,0.2292
1,11675001,11700000,11688014,1119,356,53.8113,7.9206,0.7434,0.2304,0.1965
1,11700001,11725000,11712575,1055,393,65.7061,7.6111,0.7924,0.2679,0.2277
1,11725001,11750000,11737728,868,311,41.3776,6.6998,0.7213,0.2224,0.1955
1,11750001,11775000,11761894,923,256,40.8112,5.0556,0.7796,0.2206,0.2018
1,12175001,12200000,12187804,1131,264,31.0651,10.6432,0.4896,0.1782,0.1448
1,12225001,12250000,12237068,1053,272,30.9023,9.979,0.5118,0.1508,0.1284
1,12250001,12275000,12262272,991,322,28.1149,7.3867,0.5839,0.1663,0.1383
1,12275001,12300000,12287557,1007,271,24.4837,9.1645,0.4553,0.1435,0.1134
1,12300001,12325000,12312016,913,317,27.6372,9.4841,0.489,0.1172,0.0949
1,12325001,12350000,12338833,1189,273,40.0,3.5483,0.837,0.2869,0.2456
1,12350001,12375000,12362037,758,308,22.3972,13.3333,0.2537,0.0638,0.0498
1,12375001,12400000,12388292,803,264,31.568,5.8665,0.6866,0.2039,0.1778
1,12725001,12750000,12738040,959,380,35.3259,8.0321,0.6295,0.1308,0.1148
1,12750001,12775000,12762411,801,340,48.2691,6.016,0.7784,0.2344,0.2033
1,12825001,12850000,12838321,925,289,50.3071,10.9988,0.6412,0.213,0.1719
1,12850001,12875000,12862143,1039,426,65.2552,10.3651,0.7259,0.2188,0.1871
1,12875001,12900000,12887383,888,363,50.5588,9.6127,0.6805,0.1965,0.165
1,12900001,12925000,12912445,997,364,43.4647,14.5335,0.4988,0.1686,0.133
1,12925001,12950000,12937924,990,416,66.276,12.8212,0.6758,0.2641,0.2067
1,13875001,13900000,13887919,859,382,51.2856,7.0035,0.7597,0.2013,0.1724
1,13900001,13925000,13912675,952,317,57.6806,5.2063,0.8344,0.2396,0.226
1,13925001,13950000,13938125,881,329,67.1105,3.8577,0.8913,0.3121,0.2868
1,13950001,13975000,13962354,905,334,46.5856,1.881,0.9224,0.2712,0.2411
1,13975001,14000000,13987166,944,313,68.9976,6.4683,0.8286,0.3096,0.2852
1,14000001,14025000,14012655,984,370,48.9484,4.1993,0.842,0.228,0.2077
1,14025001,14050000,14037612,1025,359,49.3247,1.4444,0.9431,0.282,0.2571
1,14050001,14075000,14062598,889,270,31.4677,5.0794,0.722,0.2002,0.1772
1,14075001,14100000,14086467,1064,418,32.2147,7.3492,0.6285,0.1533,0.1193
1,14100001,14125000,14112430,850,300,29.1587,0.5476,0.9631,0.2228,0.1949
1,14275001,14300000,14288426,1039,251,33.0308,2.0079,0.8854,0.2149,0.1959
1,14300001,14325000,14312310,1099,466,58.2139,15.3706,0.5822,0.1601,0.1417
1,14325001,14350000,14338022,1127,375,46.6942,5.5516,0.7875,0.2306,0.1974
1,14350001,14375000,14361756,1041,434,61.3468,11.0635,0.6944,0.2163,0.1833
1,14375001,14400000,14387252,1096,322,43.2937,6.5159,0.7384,0.209,0.1799
1,14400001,14425000,14412598,1126,404,59.1509,9.9582,0.7118,0.2319,0.19
1,14425001,14450000,14436628,1018,386,45.0398,6.9049,0.7341,0.193,0.164
1,14450001,14475000,14461587,1129,323,36.982,9.642,0.5864,0.1786,0.1456
1,14475001,14500000,14487952,1036,419,45.9215,7.8015,0.7096,0.1898,0.1592
1,14500001,14525000,14512432,911,430,52.1609,8.1905,0.7286,0.2,0.1802
1,14525001,14550000,14539234,900,346,33.7995,6.5896,0.6737,0.1778,0.1455
1,14550001,14575000,14562920,937,406,36.1349,7.3573,0.6617,0.1564,0.129
1,14575001,14600000,14586382,900,425,52.8156,8.1133,0.7337,0.2238,0.195
1,14600001,14625000,14612681,847,384,30.4524,6.4498,0.6504,0.1612,0.1184
1,14625001,14650000,14638041,868,349,38.238,6.2778,0.718,0.1837,0.1613
1,14650001,14675000,14662765,900,390,47.523,6.4124,0.7622,0.2604,0.2026
1,14675001,14700000,14688045,1064,306,29.5452,9.0079,0.5327,0.1366,0.1098
1,14775001,14800000,14788316,1006,259,23.2143,4.9365,0.6493,0.1703,0.1311
1,14950001,14975000,14962269,864,302,40.3507,6.1587,0.7352,0.2378,0.204
1,15450001,15475000,15463168,792,336,37.8438,8.0575,0.6489,0.2118,0.1752
1,15475001,15500000,15486887,1009,357,53.7342,4.2189,0.8544,0.2774,0.256
1,15500001,15525000,15512216,837,343,59.9131,6.3769,0.8076,0.299,0.2619
1,15550001,15575000,15561011,1386,313,49.8409,2.0235,0.922,0.3427,0.3003
1,15575001,15600000,15586907,1055,326,61.8143,2.1667,0.9323,0.3259,0.2899
1,15600001,15625000,15612702,817,278,50.5604,3.4762,0.8713,0.3177,0.2828
1,15650001,15675000,15663173,981,293,46.9762,6.7222,0.7496,0.2533,0.2196
1,15675001,15700000,15687235,1163,324,38.4622,2.3023,0.887,0.2251,0.2044
1,15700001,15725000,15712408,1147,391,57.0052,4.2395,0.8616,0.2901,0.2631
1,15725001,15750000,15737963,1055,352,43.1491,6.8811,0.7249,0.2353,0.2021
1,15750001,15775000,15760880,1070,260,46.4072,2.2619,0.907,0.3631,0.3299
1,15775001,15800000,15787465,834,464,63.4275,6.7143,0.8086,0.2359,0.2109
1,15800001,15825000,15813462,894,381,60.8816,3.1531,0.9015,0.2832,0.253
1,15825001,15850000,15837743,928,315,44.107,2.4274,0.8957,0.2387,0.2218
1,15850001,15875000,15862761,1106,293,33.7381,7.2937,0.6445,0.1512,0.1307
1,15875001,15900000,15887083,1102,441,35.5261,12.3367,0.4845,0.1511,0.12
1,15900001,15925000,15911766,1058,375,19.2416,13.0873,0.1904,0.0497,0.0338
1,15925001,15950000,15937711,1192,470,14.1429,20.1933,-0.1762,-0.0482,-0.0261
1,16175001,16200000,16187549,1020,363,44.1708,4.6047,0.8112,0.2637,0.2323
1,16650001,16675000,16662321,1068,302,34.1057,4.5088,0.7665,0.2482,0.2106
1,16675001,16700000,16683957,686,264,26.1627,7.4914,0.5548,0.1921,0.1443
1,16825001,16850000,16842197,744,361,14.8051,10.3103,0.179,0.0524,0.027
1,16850001,16875000,16862867,1013,373,16.2143,22.103,-0.1537,-0.0495,-0.0268
1,16875001,16900000,16888295,1052,294,13.2775,9.2506,0.1787,0.0361,0.0226
1,16900001,16925000,16912230,956,417,17.3016,16.1271,0.0351,0.0088,0.0047
1,16925001,16950000,16937471,804,311,18.9772,8.2803,0.3924,0.1141,0.0657
1,16975001,17000000,16987520,929,269,33.7222,4.1825,0.7793,0.2152,0.1865
1,17000001,17025000,17012383,765,312,25.8716,7.2302,0.5632,0.1477,0.1211
1,17025001,17050000,17037353,798,324,29.5765,9.0399,0.5318,0.1419,0.1152
1,17075001,17100000,17087227,908,441,61.6111,9.9127,0.7228,0.2499,0.219
1,17125001,17150000,17136744,871,252,24.6825,9.0714,0.4625,0.1118,0.0917
1,17150001,17175000,17162530,952,272,33.4995,5.0952,0.736,0.1957,0.1709
1,17900001,17925000,17914006,910,343,32.745,5.6101,0.7075,0.1518,0.1349
1,17925001,17950000,17936743,1010,477,50.4744,5.0552,0.8179,0.2116,0.1894
1,17950001,17975000,17963358,998,352,39.4473,4.2698,0.8047,0.1979,0.1768
1,18000001,18025000,18013422,1296,261,31.7432,8.2302,0.5882,0.1832,0.1565
1,18025001,18050000,18037940,1116,386,35.8674,8.3986,0.6205,0.1538,0.128
1,18050001,18075000,18062537,1046,269,30.1819,6.754,0.6343,0.1899,0.1688
1,18100001,18125000,18112863,1014,409,46.9048,6.3614,0.7611,0.211,0.1821
1,18125001,18150000,18137125,981,331,38.8843,4.0397,0.8118,0.2026,0.1803
1,18150001,18175000,18161997,956,377,60.2775,4.1749,0.8705,0.2836,0.2409
1,18175001,18200000,18187778,1121,451,55.5634,9.0635,0.7195,0.22,0.1814
1,18200001,18225000,18213444,1164,339,38.6933,0.6667,0.9661,0.2663,0.23
1,18225001,18250000,18237533,1022,326,22.9853,5.7619,0.5991,0.1163,0.098
1,18275001,18300000,18287602,907,395,40.0541,7.3335,0.6905,0.1711,0.1445
1,18300001,18325000,18312703,1049,350,53.3173,10.0873,0.6818,0.2207,0.1865
1,18325001,18350000,18337863,1097,306,43.1111,3.6905,0.8423,0.252,0.2172
1,18350001,18375000,18361676,992,318,42.2945,4.9048,0.7922,0.2298,0.1835
1,18375001,18400000,18387239,1068,436,60.5895,9.1542,0.7375,0.2708,0.2291
1,18400001,18425000,18413180,874,363,44.0377,6.8232,0.7317,0.2013,0.172
1,18425001,18450000,18437058,807,391,48.1375,6.1202,0.7744,0.2609,0.2305
1,18450001,18475000,18462276,1078,362,45.4832,4.2857,0.8278,0.2328,0.2132
1,18475001,18500000,18488297,896,298,50.5238,3.3095,0.877,0.2704,0.2435
1,18500001,18525000,18512838,1004,337,62.485,4.2619,0.8723,0.3242,0.2885
1,18525001,18550000,18538511,899,338,32.7249,10.9841,0.4974,0.1415,0.1132
1,18550001,18575000,18562684,1019,375,38.0576,6.2471,0.718,0.1875,0.1516
1,18575001,18600000,18588216,969,306,36.0952,4.9286,0.7597,0.2266,0.1952
1,18600001,18625000,18611639,787,367,45.9647,7.0887,0.7328,0.2552,0.217
1,18625001,18650000,18638253,858,398,28.2999,16.1087,0.2745,0.0774,0.052
1,18650001,18675000,18662718,1136,340,44.7305,3.127,0.8693,0.3251,0.2335
1,18675001,18700000,18686917,923,378,47.1065,4.7739,0.816,0.2027,0.176
1,18700001,18725000,18711938,923,288,32.3235,1.1508,0.9312,0.1921,0.1757
1,19300001,19325000,19313345,1239,254,27.8492,4.0,0.7488,0.1454,0.1332
1,19350001,19375000,19362632,917,259,26.0397,1.4841,0.8922,0.1992,0.1722
1,19375001,19400000,19387291,814,276,53.8889,3.0397,0.8932,0.2812,0.2557
1,19400001,19425000,19412769,906,445,67.7487,5.6667,0.8456,0.2527,0.2308
1,19475001,19500000,19487016,975,256,49.401,5.9841,0.7839,0.2657,0.2336
1,20200001,20225000,20212767,1243,271,23.5613,10.9942,0.3637,0.103,0.0818
1,20225001,20250000,20236975,1074,297,21.3427,8.0797,0.4508,0.1165,0.0869
1,20250001,20275000,20263397,1032,288,27.8566,10.4126,0.4558,0.1393,0.1141
1,20275001,20300000,20286856,1016,279,26.3402,2.1905,0.8464,0.2139,0.1775
1,20300001,20325000,20312567,818,301,37.0714,7.1825,0.6754,0.185,0.1601
1,20325001,20350000,20336541,839,355,41.3175,12.3025,0.5411,0.1376,0.1169
1,20350001,20375000,20362911,894,347,58.5794,8.1999,0.7544,0.2757,0.2342
1,20375001,20400000,20387217,929,365,70.3657,7.0556,0.8177,0.2992,0.2641
1,20400001,20425000,20412645,1076,310,39.8095,8.873,0.6355,0.1822,0.1577
1,20450001,20475000,20462379,1032,274,29.387,8.373,0.5565,0.1427,0.1203
1,20575001,20600000,20588137,1063,281,31.2937,2.1667,0.8705,0.1962,0.1613
1,20600001,20625000,20610853,1202,257,20.7302,6.6746,0.5129,0.1049,0.0839
1,20675001,20700000,20687413,1081,395,72.4139,8.049,0.7999,0.2778,0.2372
1,20700001,20725000,20712553,996,419,58.1672,6.4834,0.7994,0.2318,0.1878
1,20725001,20750000,20737083,1187,329,62.124,8.0159,0.7714,0.2843,0.239
1,20750001,20775000,20762638,1272,399,73.2063,3.0476,0.9201,0.309,0.2647
1,20775001,20800000,20786783,1184,260,45.0721,6.9841,0.7317,0.2734,0.2173
1,20800001,20825000,20812071,1119,314,56.9444,16.2778,0.5554,0.2165,0.179
1,20825001,20850000,20837079,943,276,43.6746,8.0239,0.6896,0.2383,0.189
1,20850001,20875000,20861078,858,274,61.3333,3.2619,0.899,0.3614,0.3141
1,20875001,20900000,20887474,864,340,51.1982,5.8175,0.7959,0.2369,0.2009
1,20900001,20925000,20912298,1027,413,56.1889,11.0794,0.6706,0.1782,0.1469
1,20925001,20950000,20937316,1029,305,36.8288,15.1508,0.417,0.1434,0.1077
1,20950001,20975000,20964087,1048,441,36.8833,26.8518,0.1574,0.0502,0.0352
1,20975001,21000000,20986575,1113,397,52.4417,10.2462,0.6731,0.222,0.1727
1,21000001,21025000,21012776,1046,384,57.0626,7.7607,0.7606,0.2339,0.1955
1,21025001,21050000,21037423,1043,343,58.1251,7.4863,0.7718,0.2733,0.2294
1,21050001,21075000,21061941,938,282,36.0621,2.0804,0.8909,0.2147,0.1884
1,21075001,21100000,21088020,891,299,52.1198,5.9921,0.7938,0.2731,0.2408
1,21100001,21125000,21112735,931,294,46.8333,2.686,0.8915,0.2547,0.2266
1,21125001,21150000,21138092,813,303,35.4839,5.7698,0.7203,0.1615,0.1425
1,21150001,21175000,21163382,754,342,21.8399,9.4852,0.3944,0.0729,0.0521
1,21175001,21200000,21188731,1097,338,18.2381,16.8492,0.0396,0.0081,0.0056
1,21200001,21225000,21212120,938,357,14.0,14.0635,-0.0023,-0.0004,-0.0003
1,21225001,21250000,21237186,1094,384,17.3001,14.8925,0.0748,0.0163,0.0109
1,21250001,21275000,21262786,1041,278,26.5218,2.1033,0.853,0.1808,0.1594
1,21275001,21300000,21288196,750,254,34.9683,4.4365,0.7748,0.1999,0.1733
1,21300001,21325000,21312523,1013,324,46.7632,9.6436,0.6581,0.2235,0.1888
1,21325001,21350000,21337602,927,328,49.7857,9.5,0.6795,0.2624,0.2122
1,21400001,21425000,21413511,952,258,42.2441,4.9373,0.7907,0.3032,0.2597
1,21575001,21600000,21585808,1092,256,31.103,5.0,0.723,0.225,0.2023
1,21600001,21625000,21612332,1075,284,47.3968,2.2698,0.9086,0.2765,0.2487
1,21625001,21650000,21638028,924,311,38.4012,2.3492,0.8847,0.2232,0.196
1,21650001,21675000,21661713,901,341,40.6111,6.7643,0.7144,0.2148,0.1848
1,21800001,21825000,21811894,990,398,43.8568,5.4365,0.7794,0.1881,0.1666
1,21825001,21850000,21838108,1073,421,61.0296,6.154,0.8168,0.2443,0.2177
1,21850001,21875000,21862869,1119,437,52.8615,3.762,0.8671,0.3011,0.273
1,21875001,21900000,21887467,901,423,60.0873,6.1746,0.8136,0.2578,0.2189
1,21900001,21925000,21912666,991,449,62.1253,3.9839,0.8795,0.2535,0.2219
1,21925001,21950000,21938378,987,366,57.0083,5.4127,0.8266,0.2994,0.2555
1,21950001,21975000,21961803,1165,309,55.3497,6.0073,0.8042,0.309,0.2495
1,22000001,22025000,22012125,935,374,65.0237,11.879,0.6911,0.2479,0.2012
1,22025001,22050000,22038018,1060,311,32.9271,13.9603,0.4045,0.1182,0.083
1,22075001,22100000,22087783,968,382,11.1746,16.1843,-0.1831,-0.0304,-0.0204
1,22100001,22125000,22113498,1033,295,11.084,11.5895,-0.0223,-0.0038,-0.0025
1,22125001,22150000,22137605,1383,307,8.1032,17.4053,-0.3647,-0.0662,-0.0462
1,22150001,22175000,22163338,830,328,19.3669,9.4929,0.3421,0.0609,0.049
1,22175001,22200000,22187002,984,415,26.7974,16.2933,0.2438,0.0525,0.0383
1,22200001,22225000,22212303,998,445,25.0,14.6631,0.2606,0.0486,0.0359
1,22225001,22250000,22236449,946,387,22.3815,12.7162,0.2754,0.0524,0.04
1,22250001,22275000,22262831,1036,335,23.0474,12.0604,0.3129,0.0753,0.0547
1,22275001,22300000,22286842,992,280,44.989,8.0397,0.6968,0.229,0.2024
1,22450001,22475000,22463870,1240,264,36.3491,4.5079,0.7793,0.2593,0.2061
1,22700001,22725000,22712516,980,408,39.1418,13.9524,0.4744,0.1024,0.0865
1,22725001,22750000,22738885,1071,345,59.9048,9.1571,0.7348,0.3039,0.2552
1,22825001,22850000,22837786,1152,314,14.475,13.967,0.0179,0.0044,0.0027
1,22850001,22875000,22861742,1113,400,24.8364,15.1587,0.242,0.0669,0.0416
1,22875001,22900000,22887842,1182,322,16.8571,13.6722,0.1043,0.0223,0.0145
1,22925001,22950000,22937851,954,264,8.4739,18.5337,-0.3725,-0.0974,-0.0686
1,22950001,22975000,22963338,942,290,12.845,14.7381,-0.0686,-0.0132,-0.0087
1,23000001,23025000,23013369,976,267,12.1587,15.2143,-0.1116,-0.0318,-0.0199
1,23025001,23050000,23036996,1201,419,13.9127,22.1455,-0.2283,-0.0472,-0.0299
1,23100001,23125000,23111749,1043,350,49.1273,6.0952,0.7792,0.2159,0.1932
1,23125001,23150000,23136925,1077,256,43.0008,4.8651,0.7967,0.2508,0.2186
1,23150001,23175000,23162152,1166,264,44.2937,3.6585,0.8474,0.2428,0.2286
1,23175001,23200000,23186933,1056,295,57.0317,6.0873,0.8071,0.3212,0.2804
1,23275001,23300000,23287358,1001,289,16.759,20.4683,-0.0996,-0.0344,-0.0205
1,23300001,23325000,23312917,1140,332,20.7536,16.5666,0.1122,0.032,0.0213
1,23325001,23350000,23336734,984,379,23.8045,18.881,0.1153,0.0312,0.0207
1,23900001,23925000,23912800,1025,325,16.9345,14.258,0.0858,0.02,0.0117
1,23950001,23975000,23962758,845,284,11.5982,10.9395,0.0292,0.0059,0.0037
1,23975001,24000000,23987741,1010,331,10.0714,13.6448,-0.1507,-0.0258,-0.016
1,24000001,24025000,24012638,1001,347,10.1111,22.4034,-0.3781,-0.0947,-0.0521
1,24025001,24050000,24037725,912,284,11.0122,14.2541,-0.1283,-0.0277,-0.0172
1,24075001,24100000,24087619,972,271,8.0159,17.6512,-0.3754,-0.0702,-0.0475
1,24100001,24125000,24112151,1125,254,14.0317,12.5001,0.0577,0.0119,0.0082
1,24125001,24150000,24137353,980,342,17.0317,16.2222,0.0243,0.0059,0.0037
1,24375001,24400000,24387278,944,329,29.7778,13.2698,0.3835,0.1198,0.0948
1,24400001,24425000,24413320,868,408,32.8254,15.8906,0.3476,0.0812,0.0648
1,24425001,24450000,24438454,1066,400,28.5079,19.6636,0.1836,0.045,0.03
1,24450001,24475000,24461766,996,260,16.5768,7.1895,0.395,0.0886,0.0633
1,24500001,24525000,24512161,1152,254,14.5635,11.9674,0.0979,0.0203,0.0132
1,24525001,24550000,24537099,936,319,22.122,10.4293,0.3592,0.0838,0.0605
1,24575001,24600000,24587076,1112,282,35.6294,7.9048,0.6368,0.1825,0.1506
1,24600001,24625000,24612713,917,316,40.3161,7.464,0.6876,0.2203,0.1732
1,27025001,27050000,27037521,1229,265,42.2678,4.0,0.8271,0.2365,0.2189
1,29975001,30000000,29986199,952,261,38.5787,7.1825,0.6861,0.2115,0.1803
1,30375001,30400000,30386568,1030,270,64.4762,3.0,0.9111,0.3247,0.3024
1,30550001,30575000,30561728,977,262,60.9612,5.0487,0.847,0.3238,0.2842
1,30675001,30700000,30688228,1017,268,105.456,5.0873,0.908,0.5366,0.4601
1,30700001,30725000,30713106,823,262,41.6973,5.3115,0.774,0.2455,0.2038
1,30725001,30750000,30737826,1041,294,52.985,6.0238,0.7958,0.2557,0.2177
1,31275001,31300000,31285507,880,263,32.223,2.5305,0.8544,0.3119,0.2826
