scaffold,start,end,mid,sites,sitesUsed,ABBA,BABA,D,fd,fdM
19,75001,100000,86835,1289,298,9.3149,0.9365,0.8173,0.047,0.0421
19,100001,125000,112222,938,399,12.463,3.9657,0.5172,0.0367,0.033
19,125001,150000,137599,909,326,6.0144,2.1396,0.4752,0.0194,0.0176
19,350001,375000,361138,1437,287,9.5324,6.0812,0.221,0.0351,0.0234
19,375001,400000,386984,817,284,12.8128,2.3651,0.6884,0.0879,0.0757
19,400001,425000,412031,1040,400,26.0142,6.8664,0.5823,0.1053,0.0905
19,425001,450000,439252,1264,307,20.7791,5.256,0.5962,0.0901,0.0828
19,450001,475000,462813,924,352,23.5518,6.0558,0.5909,0.0872,0.0807
19,1600001,1625000,1615061,960,444,20.4051,14.4087,0.1722,0.0279,0.0221
19,1625001,1650000,1637610,1169,736,24.5702,16.7836,0.1883,0.0266,0.0198
19,1650001,1675000,1662098,1019,381,5.5923,3.8725,0.1817,0.0079,0.0069
19,1800001,1825000,1812556,1115,394,7.0166,14.3121,-0.342,-0.0334,-0.0267
19,1825001,1850000,1837014,1123,422,8.3334,14.0839,-0.2565,-0.0286,-0.0231
19,2025001,2050000,2038462,1312,403,10.6805,12.4557,-0.0767,-0.0091,-0.0071
19,2050001,2075000,2062978,1366,512,20.9396,11.2111,0.3026,0.0451,0.0358
19,2075001,2100000,2088465,1576,806,53.7682,20.9524,0.4392,0.1265,0.092
19,2100001,2125000,2113115,1575,261,23.3684,7.4186,0.5181,0.1656,0.1273
19,2275001,2300000,2287534,1618,493,63.3511,6.1124,0.824,0.2464,0.2247
19,2300001,2325000,2311266,1269,479,39.4118,11.3849,0.5517,0.1093,0.0971
19,2325001,2350000,2336692,1043,474,25.2778,5.6429,0.635,0.0674,0.0629
19,2600001,2625000,2612991,1337,292,9.4707,10.9818,-0.0739,-0.01,-0.0078
19,2625001,2650000,2637144,1194,450,11.3454,16.657,-0.1897,-0.0224,-0.0191
19,2650001,2675000,2661240,1209,279,10.3402,5.3696,0.3164,0.0311,0.0279
19,3125001,3150000,3137928,1092,415,16.6697,18.3504,-0.048,-0.0091,-0.0069
19,3150001,3175000,3162733,1232,302,6.5079,8.381,-0.1258,-0.0109,-0.0086
19,3175001,3200000,3187202,1095,404,12.1349,12.6983,-0.0227,-0.0025,-0.002
19,3200001,3225000,3212801,1130,452,18.1349,18.1907,-0.0015,-0.0002,-0.0002
19,3225001,3250000,3237851,1243,378,20.0823,23.4934,-0.0783,-0.0162,-0.0123
19,3250001,3275000,3263070,1242,415,28.4684,21.7195,0.1345,0.031,0.0232
19,3275001,3300000,3287308,1189,380,31.2441,15.7808,0.3288,0.0793,0.0653
19,3300001,3325000,3313211,1079,394,33.003,9.9038,0.5384,0.0958,0.0843
19,3325001,3350000,3336319,1019,324,22.7193,11.6606,0.3217,0.0572,0.0517
19,3350001,3375000,3363025,1040,346,28.7143,7.1111,0.603,0.0908,0.0851
19,3375001,3400000,3387610,1182,331,31.0794,3.0873,0.8193,0.1185,0.1122
19,3400001,3425000,3412283,1123,280,20.0451,2.9722,0.7417,0.0797,0.0767
19,3425001,3450000,3437488,954,277,12.6825,7.6257,0.249,0.0309,0.0273
19,3475001,3500000,3488838,1123,298,24.9524,7.0716,0.5584,0.0908,0.0813
19,3500001,3525000,3512550,1179,319,23.7042,4.4387,0.6846,0.101,0.0902
19,3525001,3550000,3537301,1208,284,27.9286,7.2616,0.5873,0.1068,0.0961
19,3900001,3925000,3912185,913,329,17.8413,10.3593,0.2653,0.0387,0.0323
19,3925001,3950000,3937099,1089,375,22.4316,4.7825,0.6485,0.0785,0.0699
19,3950001,3975000,3962603,1092,369,28.6784,7.9293,0.5668,0.0905,0.0787
19,3975001,4000000,3988886,1142,354,22.6016,13.605,0.2485,0.0458,0.0379
19,4000001,4025000,4012874,1132,297,11.0057,9.2063,0.089,0.0102,0.0087
19,4025001,4050000,4037674,1195,408,27.5121,14.3064,0.3158,0.0617,0.0522
19,4050001,4075000,4062687,1086,361,27.6135,12.6639,0.3712,0.0755,0.061
19,4075001,4100000,4087043,1127,419,55.0392,10.6188,0.6765,0.1861,0.1524
19,4100001,4125000,4113134,989,317,38.3899,6.3486,0.7162,0.1663,0.1436
19,4125001,4150000,4136982,929,283,14.9603,6.8254,0.3734,0.0557,0.0486
19,4575001,4600000,4587561,922,411,34.7309,7.7222,0.6362,0.0943,0.0895
19,4600001,4625000,4612667,1105,368,25.998,7.4863,0.5528,0.0761,0.0709
19,4700001,4725000,4711178,1075,352,25.0863,11.3333,0.3776,0.0658,0.0556
19,4925001,4950000,4936433,1115,335,11.7693,18.6258,-0.2256,-0.0357,-0.029
19,5325001,5350000,5337512,1137,502,78.9524,11.3263,0.7491,0.1744,0.158
19,5350001,5375000,5362850,1124,460,102.4498,4.8897,0.9089,0.2931,0.2493
19,5375001,5400000,5387834,1034,497,44.785,26.4467,0.2574,0.061,0.0504
19,5400001,5425000,5412532,862,296,29.0899,12.3754,0.4031,0.0888,0.0756
19,5425001,5450000,5438130,946,413,30.9921,11.4749,0.4596,0.0702,0.0615
19,5450001,5475000,5462369,979,439,33.5986,22.4762,0.1983,0.0369,0.0318
19,5475001,5500000,5487248,899,365,11.8333,17.8177,-0.2018,-0.0249,-0.0211
19,5500001,5525000,5513076,979,421,9.9999,14.059,-0.1687,-0.0138,-0.0123
19,5525001,5550000,5538680,967,346,4.0,11.8889,-0.4965,-0.0311,-0.0279
19,5550001,5575000,5562453,944,355,9.0873,18.8029,-0.3484,-0.0411,-0.0361
19,5575001,5600000,5587449,903,381,36.3464,11.286,0.5261,0.1129,0.1017
19,5600001,5625000,5610967,989,316,13.6382,7.0741,0.3169,0.0305,0.0278
19,5625001,5650000,5637880,949,293,6.9921,6.1111,0.0672,0.004,0.0038
19,5650001,5675000,5662386,1110,503,15.4345,27.7932,-0.2859,-0.0367,-0.031
19,5675001,5700000,5687344,933,332,3.8968,16.1667,-0.6116,-0.0523,-0.0462
19,5700001,5725000,5712164,813,368,3.0,11.2393,-0.5786,-0.0314,-0.0281
19,5725001,5750000,5736968,737,257,3.824,12.5431,-0.5327,-0.0533,-0.0463
19,6000001,6025000,6012645,1044,327,16.7892,2.0,0.7871,0.0621,0.06
19,6100001,6125000,6111840,930,264,11.7137,6.1111,0.3143,0.0302,0.0264
19,6125001,6150000,6137154,1212,298,8.871,15.0952,-0.2597,-0.0327,-0.0274
19,6150001,6175000,6163999,997,404,16.9902,9.8891,0.2642,0.0318,0.0269
19,6200001,6225000,6212693,1125,377,16.5108,18.2939,-0.0512,-0.008,-0.0066
19,6225001,6250000,6237038,912,362,10.2778,10.3495,-0.0035,-0.0003,-0.0003
19,6250001,6275000,6262044,1057,281,15.069,13.374,0.0596,0.0096,0.0085
19,6275001,6300000,6286704,1048,308,25.2889,9.2683,0.4636,0.0803,0.0714
19,6300001,6325000,6313582,994,299,20.6905,10.0239,0.3473,0.0534,0.0472
19,6325001,6350000,6337984,1078,346,23.9365,10.6352,0.3847,0.059,0.053
19,6350001,6375000,6362569,1058,279,8.9377,5.1032,0.2731,0.0205,0.0187
19,6375001,6400000,6386645,1008,319,15.2778,7.5238,0.3401,0.0398,0.0359
19,6400001,6425000,6412558,1232,465,7.3536,13.1137,-0.2814,-0.0207,-0.0182
19,6450001,6475000,6462915,1007,407,6.0238,28.3095,-0.6491,-0.0798,-0.0674
19,6475001,6500000,6487862,1013,371,3.0794,9.6905,-0.5177,-0.0244,-0.0226
19,6500001,6525000,6512838,1081,505,9.0,31.3889,-0.5543,-0.0667,-0.0571
19,6525001,6550000,6536786,989,404,7.9677,11.4498,-0.1793,-0.0127,-0.0113
19,6850001,6875000,6863035,516,258,39.0742,8.3571,0.6476,0.3184,0.2403
19,6875001,6900000,6887991,687,321,25.9856,14.0803,0.2971,0.086,0.0617
19,6900001,6925000,6911635,808,342,19.4346,13.1729,0.192,0.0525,0.0356
19,6925001,6950000,6938035,980,338,18.9775,18.6687,0.0082,0.0023,0.0016
19,6950001,6975000,6963043,1017,391,37.7189,8.5556,0.6302,0.1602,0.1346
19,6975001,7000000,6987400,752,273,30.5958,7.4762,0.6073,0.2095,0.1756
19,7325001,7350000,7336755,942,255,51.352,4.5907,0.8359,0.3303,0.2951
19,7350001,7375000,7362294,800,364,68.3838,9.8661,0.7478,0.3352,0.2866
19,7375001,7400000,7387504,881,285,33.8018,7.3386,0.6432,0.1789,0.1525
19,7400001,7425000,7412229,710,296,39.9479,5.2332,0.7683,0.2689,0.2266
19,7425001,7450000,7435669,656,312,41.9914,3.7145,0.8375,0.2878,0.2503
19,7475001,7500000,7488247,1041,429,34.7556,6.6508,0.6788,0.1241,0.1112
19,7500001,7525000,7510928,681,279,37.6257,3.3175,0.8379,0.2708,0.25
19,7525001,7550000,7538727,680,326,19.6503,3.5774,0.692,0.0879,0.0818
19,7550001,7575000,7563175,710,285,28.1776,3.6293,0.7718,0.2202,0.1856
19,8475001,8500000,8486755,604,255,18.2689,2.0794,0.7956,0.1956,0.1763
19,9000001,9025000,9014793,526,274,25.9301,5.905,0.629,0.232,0.1979
19,9025001,9050000,9038193,722,364,27.4463,9.8432,0.4721,0.1361,0.1148
19,9050001,9075000,9063201,830,311,26.1268,8.6665,0.5018,0.1337,0.1089
19,9125001,9150000,9137159,653,292,29.3159,5.544,0.6819,0.2559,0.2144
19,9150001,9175000,9162493,831,390,35.2879,12.0723,0.4902,0.1547,0.1242
19,9200001,9225000,9211991,594,282,18.4564,0.1429,0.9846,0.1993,0.1928
19,11375001,11400000,11389089,603,301,28.9982,7.7063,0.5801,0.2302,0.1438
19,11400001,11425000,11410796,458,283,16.414,6.7883,0.4149,0.1093,0.0782
19,22225001,22250000,22238920,692,270,14.2366,12.7619,0.0546,0.0107,0.0083
19,22475001,22500000,22487237,816,309,26.4209,12.7701,0.3483,0.1229,0.0886
