chr	bin_bdr	mean
1	0	0.677749686157388
1	10	0.557245645877668
1	20	0.502121197156967
1	30	0.468978410274104
1	40	0.438958560410661
1	50	0.420765032992247
1	60	0.405905852596747
1	70	0.397198640853936
1	80	0.38156641143186
1	90	0.37560884860953
1	100	0.370889627604534
1	110	0.362531940204029
1	120	0.361583511500348
1	130	0.360211000720934
1	140	0.359348250542007
1	150	0.353156926239171
1	160	0.3487812621881
1	170	0.345847702951988
1	180	0.342809422723469
1	190	0.348918610372442
1	200	0.346051985521087
1	210	0.333778231339247
1	220	0.34581466243614
1	230	0.346021733677317
1	240	0.335512165463845
1	250	0.335263961034754
1	260	0.330267093689076
1	270	0.329613009410783
1	280	0.330682830960418
1	290	0.330545265970667
1	300	0.325148667479084
1	310	0.327548677267813
1	320	0.326257306190745
1	330	0.327832918811799
1	340	0.329284588918352
1	350	0.321363357492376
1	360	0.329712690889322
1	370	0.316968665496527
1	380	0.318920402974742
1	390	0.323706853485066
1	400	0.321575430556753
1	410	0.319294324024742
1	420	0.318765733486299
1	430	0.31437662753162
1	440	0.322104831346801
1	450	0.317736412989293
1	460	0.317108070605711
1	470	0.314621730806265
1	480	0.314473486126856
1	490	0.309323058798568
1	500	0.317848264482047
1	510	0.312740568228
1	520	0.313004053287149
1	530	0.315479161482021
1	540	0.310539579650979
1	550	0.312677536334973
1	560	0.313824861094757
1	570	0.308388346123153
1	580	0.315894795887601
1	590	0.311231493511548
1	600	0.311329507708517
1	610	0.303329286644582
1	620	0.30679558354047
1	630	0.307589769729635
1	640	0.304350167832141
1	650	0.303949424972218
1	660	0.305806664831095
1	670	0.301171277804138
1	680	0.300917898943003
1	690	0.30608659305499
1	700	0.300577458952763
1	710	0.298399125430121
1	720	0.300273530995142
1	730	0.296581855255021
1	740	0.298784987886896
1	750	0.297327649782034
1	760	0.295635013877435
1	770	0.298130888299265
1	780	0.292954561622793
1	790	0.30083432523249
1	800	0.295085937812555
1	810	0.293673297176
1	820	0.29775642218486
1	830	0.291625022889221
1	840	0.293587640932228
1	850	0.287579081081988
1	860	0.289056034897533
1	870	0.290601420976435
1	880	0.2873736614117
1	890	0.287461384464604
1	900	0.287028222759682
1	910	0.288599180045976
1	920	0.287551502515318
1	930	0.279999324765896
1	940	0.286163678754179
1	950	0.284741634239757
1	960	0.282915396745529
1	970	0.286713074805476
1	980	0.280063602628195
1	990	0.282041323204253
2	0	0.553052358806765
2	10	0.450998981732018
2	20	0.407357324996652
2	30	0.381631625944295
2	40	0.364065188150149
2	50	0.349127583143121
2	60	0.340548955875884
2	70	0.33303087523832
2	80	0.328385310089163
2	90	0.317422362692276
2	100	0.315876775930445
2	110	0.312027259331994
2	120	0.306115002812225
2	130	0.305789984055766
2	140	0.304443005210605
2	150	0.298822617390068
2	160	0.297939418678808
2	170	0.296253244950536
2	180	0.289947679998944
2	190	0.297078883815801
2	200	0.28993118397218
2	210	0.29277184165755
2	220	0.292596643386191
2	230	0.287330211991113
2	240	0.28709274319561
2	250	0.285413142796179
2	260	0.280267297314827
2	270	0.278475209056307
2	280	0.280276405664623
2	290	0.278418298991598
2	300	0.275790570623863
2	310	0.275660666295757
2	320	0.269238374707604
2	330	0.270390787353157
2	340	0.269554348201458
2	350	0.265891084124027
2	360	0.267483881214543
2	370	0.267927770768343
2	380	0.263293467731512
2	390	0.261743472799253
2	400	0.264926309507079
2	410	0.262480863259431
2	420	0.263505973235228
2	430	0.264574811515758
2	440	0.263890306800126
2	450	0.259348621753868
2	460	0.260864191003143
2	470	0.254676576876514
2	480	0.258641600646605
2	490	0.256038393052742
2	500	0.257881076373284
2	510	0.255018478947564
2	520	0.255795864611217
2	530	0.250001803417434
2	540	0.25220172757466
2	550	0.24916739428115
2	560	0.25012182142905
2	570	0.245484113602849
2	580	0.248834671618514
2	590	0.24711743451808
2	600	0.244315812271804
2	610	0.244254222499358
2	620	0.24088633267387
2	630	0.243509535185318
2	640	0.240904943177244
2	650	0.240864590400765
2	660	0.240617123619158
2	670	0.238629614222733
2	680	0.231384831794213
2	690	0.233988045849505
2	700	0.231906459295284
2	710	0.235412456083118
2	720	0.235315131353112
2	730	0.230021573600711
2	740	0.231884193946206
2	750	0.232724490103012
2	760	0.234924263566106
2	770	0.232318898527042
2	780	0.227433947342613
2	790	0.22797559222326
2	800	0.22783446012303
2	810	0.229434996998296
2	820	0.231246094474662
2	830	0.229460919149382
2	840	0.229597431638094
2	850	0.224599151621602
2	860	0.226830818569817
2	870	0.226652579719117
2	880	0.227891330405167
2	890	0.225123903480909
2	900	0.223110072252161
2	910	0.219953370181122
2	920	0.220715417436476
2	930	0.222361813745508
2	940	0.218343162913953
2	950	0.214462884108846
2	960	0.21617807805045
2	970	0.219952829742974
2	980	0.213840195158178
2	990	0.212097421043941
3	0	0.661555521923274
3	10	0.536620390878692
3	20	0.483100192495873
3	30	0.441945293799101
3	40	0.411319317546079
3	50	0.395454301781093
3	60	0.38223249361674
3	70	0.367367948230855
3	80	0.363781907015965
3	90	0.351848612180666
3	100	0.340899968629897
3	110	0.339256067282335
3	120	0.332525503128864
3	130	0.328642060868528
3	140	0.329382246253933
3	150	0.325777422379027
3	160	0.327346803602671
3	170	0.325336088572617
3	180	0.319607415151158
3	190	0.325113943332269
3	200	0.31896204990644
3	210	0.320676144349382
3	220	0.313111972963396
3	230	0.313060703176853
3	240	0.309617594151343
3	250	0.308870433538887
3	260	0.308781984511052
3	270	0.303693350119581
3	280	0.3072063927497
3	290	0.302895291332018
3	300	0.305618724166969
3	310	0.295957570433151
3	320	0.297918831568084
3	330	0.305576231360726
3	340	0.299441691771135
3	350	0.299805252264376
3	360	0.297243705687229
3	370	0.291893211383424
3	380	0.297289511853127
3	390	0.306359736483163
3	400	0.298585539552083
3	410	0.295572348738659
3	420	0.294445367895769
3	430	0.298038805773852
3	440	0.289740184044623
3	450	0.298258193277596
3	460	0.296423140211498
3	470	0.290064114980033
3	480	0.292419649998361
3	490	0.292088196857138
3	500	0.295012299055476
3	510	0.288806267903033
3	520	0.295773885545328
3	530	0.289000695837074
3	540	0.287432716580895
3	550	0.283571170668147
3	560	0.284749520965946
3	570	0.290833031224478
3	580	0.28022025349216
3	590	0.281213180173987
3	600	0.286057545798572
3	610	0.284253644384004
3	620	0.278987442645975
3	630	0.282665726080684
3	640	0.285620312231719
3	650	0.287367165962989
3	660	0.280378442861911
3	670	0.282617944667983
3	680	0.283513872402147
3	690	0.282130654577018
3	700	0.27647378349157
3	710	0.275931345180841
3	720	0.273118356351879
3	730	0.275974776390868
3	740	0.279855827777089
3	750	0.276684340639304
3	760	0.275916272079119
3	770	0.269587809941514
3	780	0.27103045265597
3	790	0.26679883674785
3	800	0.271116915671139
3	810	0.273807220881964
3	820	0.267091157716783
3	830	0.269002866442432
3	840	0.26772870853092
3	850	0.268359849597032
3	860	0.26830284173742
3	870	0.265617175768016
3	880	0.259727948298604
3	890	0.264804655518442
3	900	0.261909264395311
3	910	0.26420020827866
3	920	0.264126274216053
3	930	0.267708069688702
3	940	0.263153601679606
3	950	0.262965994981788
3	960	0.271240043381415
3	970	0.26515936416379
3	980	0.261941409547019
3	990	0.264479100904297
4	0	0.685860509838757
4	10	0.578150729264799
4	20	0.51898036138485
4	30	0.487927375644151
4	40	0.461596618136958
4	50	0.443106763693702
4	60	0.423445652271548
4	70	0.420171132222679
4	80	0.407588624111306
4	90	0.397575988521031
4	100	0.392411925881123
4	110	0.395144377172948
4	120	0.3851003977792
4	130	0.381697691487581
4	140	0.38094921568639
4	150	0.376572185898806
4	160	0.391135801330346
4	170	0.371554347194655
4	180	0.368242246742948
4	190	0.371007567187704
4	200	0.376341968729213
4	210	0.364290920372539
4	220	0.366336863385737
4	230	0.367176424913086
4	240	0.367372693453941
4	250	0.363276952975712
4	260	0.358494297505924
4	270	0.362850869125301
4	280	0.359611834669128
4	290	0.359757067960236
4	300	0.360685046020576
4	310	0.350917736417202
4	320	0.358414292717326
4	330	0.351083291832903
4	340	0.351335534507703
4	350	0.353016102483407
4	360	0.358035420654136
4	370	0.353928376976755
4	380	0.362674849180132
4	390	0.347280789771734
4	400	0.347176555151102
4	410	0.352186811779481
4	420	0.345248209515343
4	430	0.354268164125959
4	440	0.342180690896663
4	450	0.347062085750996
4	460	0.351128943947367
4	470	0.343739807145381
4	480	0.351236864654493
4	490	0.350779713505168
4	500	0.345967824189596
4	510	0.353237741539987
4	520	0.35613207676275
4	530	0.347678379522115
4	540	0.348091433707323
4	550	0.347605348581304
4	560	0.353597179813529
4	570	0.343280362004271
4	580	0.351855267692905
4	590	0.33665201696471
4	600	0.350509988591965
4	610	0.342792575977782
4	620	0.337183272504456
4	630	0.347101811368661
4	640	0.337389972908462
4	650	0.348426017516467
4	660	0.33997006426292
4	670	0.342639106589563
4	680	0.337281104777337
4	690	0.34418989443082
4	700	0.339635410222759
4	710	0.333517655615328
4	720	0.340013863237821
4	730	0.342966169902251
4	740	0.345416397002211
4	750	0.335468921131228
4	760	0.344286849455291
4	770	0.337617864154014
4	780	0.329524694137728
4	790	0.337467800834776
4	800	0.331441910015726
4	810	0.343690165503433
4	820	0.336632615862685
4	830	0.342868091044599
4	840	0.334839933521107
4	850	0.33304174252357
4	860	0.330661410424648
4	870	0.324096809477355
4	880	0.331203553451756
4	890	0.324722569358483
4	900	0.327728679968887
4	910	0.328528901813861
4	920	0.337429559361623
4	930	0.336056680718444
4	940	0.337740189520756
4	950	0.332455784189144
4	960	0.332141512395237
4	970	0.335636560637188
4	980	0.330368181389721
4	990	0.332721810430528
5	0	0.684761238446771
5	10	0.55528918065737
5	20	0.504383512548227
5	30	0.452322602051146
5	40	0.421442374459018
5	50	0.408952311866644
5	60	0.386911625563961
5	70	0.377602708961563
5	80	0.360804295789599
5	90	0.357830979184384
5	100	0.344973677544754
5	110	0.334662314279607
5	120	0.335111001971082
5	130	0.331037848522826
5	140	0.32443887549263
5	150	0.323221599871694
5	160	0.32270313089187
5	170	0.323329817102595
5	180	0.319897120802782
5	190	0.316423181362042
5	200	0.310167033093608
5	210	0.323496331357918
5	220	0.321837540904956
5	230	0.310236858330923
5	240	0.311964806880544
5	250	0.306347106100774
5	260	0.298854698526648
5	270	0.308085548877008
5	280	0.307884949029255
5	290	0.301273903226095
5	300	0.299261512385011
5	310	0.301135977060558
5	320	0.303250147425718
5	330	0.297452351818293
5	340	0.304188133464788
5	350	0.297921872054807
5	360	0.294164524839809
5	370	0.299322628186189
5	380	0.307273127192947
5	390	0.294191856897313
5	400	0.296255309400124
5	410	0.291472686613436
5	420	0.298429243132325
5	430	0.291202986751778
5	440	0.290651980623803
5	450	0.292498101286791
5	460	0.295058568970254
5	470	0.282596469593178
5	480	0.28990161151151
5	490	0.285837829139462
5	500	0.283911256210257
5	510	0.288952160856144
5	520	0.286841865843094
5	530	0.283150074939085
5	540	0.291160643300403
5	550	0.288636900909278
5	560	0.286185852282265
5	570	0.289499606202144
5	580	0.284553621049327
5	590	0.291202519197028
5	600	0.286523498012713
5	610	0.284849403154758
5	620	0.283751815589696
5	630	0.280191544916142
5	640	0.283189500175236
5	650	0.2808779424646
5	660	0.281892936073461
5	670	0.284150819844182
5	680	0.283842336422655
5	690	0.279473251824387
5	700	0.275894111778772
5	710	0.275409127913829
5	720	0.282956261853152
5	730	0.27337010551753
5	740	0.271403003283597
5	750	0.282822570361518
5	760	0.276460293093894
5	770	0.28037532067577
5	780	0.271280411320863
5	790	0.26585362515443
5	800	0.271262137950353
5	810	0.269526533646694
5	820	0.269243616932058
5	830	0.266290083889269
5	840	0.272315426007451
5	850	0.26639583942643
5	860	0.266350884812106
5	870	0.264988462249174
5	880	0.270151002064855
5	890	0.26617774121125
5	900	0.268963822482729
5	910	0.261765804212826
5	920	0.256679923694449
5	930	0.266405065705098
5	940	0.265105496319064
5	950	0.269242871724559
5	960	0.261207882376146
5	970	0.264747693662408
5	980	0.269180763145442
5	990	0.258729557747732
6	0	0.687625165474386
6	10	0.568785313039468
6	20	0.510628063036326
6	30	0.474697628777348
6	40	0.447574140849064
6	50	0.423357819140053
6	60	0.410484435849712
6	70	0.398809740182985
6	80	0.388885407004642
6	90	0.38070181380557
6	100	0.372111768235892
6	110	0.372964816613436
6	120	0.370155750328536
6	130	0.366331751300068
6	140	0.356034883326369
6	150	0.359572405920527
6	160	0.366045416666544
6	170	0.351146128832283
6	180	0.354345913024579
6	190	0.348034512553978
6	200	0.345557515517568
6	210	0.353117998356787
6	220	0.346087816884061
6	230	0.344785349520957
6	240	0.346386493912688
6	250	0.344633254149526
6	260	0.341009994153391
6	270	0.344157885268464
6	280	0.3396586055794
6	290	0.334066759169485
6	300	0.333288163743769
6	310	0.341958079960573
6	320	0.343842149856768
6	330	0.341890844081817
6	340	0.338200407355896
6	350	0.343603832431162
6	360	0.33892707169444
6	370	0.33747177273365
6	380	0.343550247255328
6	390	0.337842629003375
6	400	0.337062814041746
6	410	0.345338317356273
6	420	0.344876886863794
6	430	0.336539372813846
6	440	0.340087514903727
6	450	0.347555347964036
6	460	0.329660709879325
6	470	0.339975220154136
6	480	0.335903419319053
6	490	0.34084124526157
6	500	0.338837322819649
6	510	0.341803655839825
6	520	0.336028732732363
6	530	0.339737841216809
6	540	0.339472648179597
6	550	0.33502001259974
6	560	0.343810471058072
6	570	0.337037227256095
6	580	0.342222519577232
6	590	0.336971797395574
6	600	0.326662056979375
6	610	0.336295510990336
6	620	0.332022200120598
6	630	0.333657753488008
6	640	0.331703953373861
6	650	0.33424045703453
6	660	0.336682306989141
6	670	0.331575632781397
6	680	0.332703403031304
6	690	0.33251290261566
6	700	0.331698961390042
6	710	0.328325626096095
6	720	0.32335779428661
6	730	0.335684920548133
6	740	0.332159837731066
6	750	0.333365732755167
6	760	0.331865998740077
6	770	0.322127064132398
6	780	0.32638688104226
6	790	0.318914416040266
6	800	0.326624301430942
6	810	0.32636746765686
6	820	0.323179837899462
6	830	0.325212275553078
6	840	0.31525724052126
6	850	0.32512607101367
6	860	0.322517325133636
6	870	0.318657087107564
6	880	0.330591018649173
6	890	0.32066913386883
6	900	0.323101130913979
6	910	0.312982737874722
6	920	0.316060921528213
6	930	0.307586396492971
6	940	0.325327389204385
6	950	0.314283035725931
6	960	0.320743188925366
6	970	0.318441799078891
6	980	0.319962308311506
6	990	0.326026682841062
7	0	0.700967775782916
7	10	0.578535133076403
7	20	0.524418096547364
7	30	0.483159191528689
7	40	0.45625794842707
7	50	0.440659124303168
7	60	0.423061767929554
7	70	0.413741809024736
7	80	0.409282417405656
7	90	0.397026043380482
7	100	0.394683665042158
7	110	0.391853874478276
7	120	0.386702105370205
7	130	0.378744840457538
7	140	0.377969121301036
7	150	0.38253052486319
7	160	0.375593206410416
7	170	0.373757376430723
7	180	0.369306224708444
7	190	0.368522766092823
7	200	0.369338933241877
7	210	0.366745410800959
7	220	0.370956818339549
7	230	0.366852100639974
7	240	0.370206102800887
7	250	0.365419314268046
7	260	0.360778766420625
7	270	0.358379023790704
7	280	0.362735169461861
7	290	0.359152451440671
7	300	0.357404400421434
7	310	0.359809840767377
7	320	0.352624227302657
7	330	0.353550375559525
7	340	0.358377494061636
7	350	0.362826639591995
7	360	0.355681954785521
7	370	0.349059431708771
7	380	0.351361371069068
7	390	0.348187745996063
7	400	0.358088464382581
7	410	0.354997000376802
7	420	0.357369833529957
7	430	0.344332748437426
7	440	0.348231869048278
7	450	0.355104325499032
7	460	0.351023008616173
7	470	0.353759100711008
7	480	0.351964250513787
7	490	0.351450215207951
7	500	0.358133864523329
7	510	0.350946104613718
7	520	0.345610840274862
7	530	0.338887852729772
7	540	0.343129864107493
7	550	0.350793672044522
7	560	0.352620691034714
7	570	0.34753810164912
7	580	0.338645489201886
7	590	0.343323236364962
7	600	0.343688020037525
7	610	0.339237738746099
7	620	0.338666638769566
7	630	0.34120770425062
7	640	0.338122776568059
7	650	0.336431450647918
7	660	0.335260073313406
7	670	0.340863703157932
7	680	0.335893900381938
7	690	0.340383219093116
7	700	0.339183261295906
7	710	0.334899652140627
7	720	0.339202308368428
7	730	0.330749584578011
7	740	0.332832702024902
7	750	0.330678845024246
7	760	0.330622841387019
7	770	0.331013853079121
7	780	0.337738201546955
7	790	0.33875243688085
7	800	0.332019075582793
7	810	0.328999706742542
7	820	0.333354362493736
7	830	0.327648869680079
7	840	0.333754783210755
7	850	0.325414315895624
7	860	0.329747501704556
7	870	0.329059334672408
7	880	0.326485055893398
7	890	0.324598217724124
7	900	0.325297167979471
7	910	0.324076936175301
7	920	0.329860933990861
7	930	0.323013766268408
7	940	0.318960211188511
7	950	0.318478358014164
7	960	0.323304058903868
7	970	0.317675166959897
7	980	0.316809249274084
7	990	0.318979914511771
8	0	0.704444905449728
8	10	0.587610623652555
8	20	0.536754145067268
8	30	0.498922847900516
8	40	0.470957879707477
8	50	0.452339126456902
8	60	0.443601801182041
8	70	0.424311550808031
8	80	0.412923238091627
8	90	0.413581524416273
8	100	0.405376287465278
8	110	0.405582328023415
8	120	0.396821009012279
8	130	0.387926710215693
8	140	0.389526113069332
8	150	0.389326437196794
8	160	0.384742071579287
8	170	0.382134351029144
8	180	0.375779726471032
8	190	0.382081265690058
8	200	0.37746153594619
8	210	0.376179892430136
8	220	0.37832046439447
8	230	0.369771558992194
8	240	0.370704730571992
8	250	0.374360826799518
8	260	0.368854628341057
8	270	0.37178785469349
8	280	0.364989365191149
8	290	0.360040020627061
8	300	0.37294150958846
8	310	0.360434561463424
8	320	0.363096146608047
8	330	0.355336884922896
8	340	0.353840443874828
8	350	0.353344601805287
8	360	0.352432338014584
8	370	0.357984674835278
8	380	0.355259313640142
8	390	0.352868602960177
8	400	0.353916420763452
8	410	0.338824350206496
8	420	0.34939846697319
8	430	0.351608096086241
8	440	0.348086476447228
8	450	0.345894956841389
8	460	0.345626549146199
8	470	0.343479845790266
8	480	0.344214025399076
8	490	0.34936680128199
8	500	0.351030399993679
8	510	0.345770620326128
8	520	0.342177907557571
8	530	0.339387477766627
8	540	0.341427302720771
8	550	0.344786760364407
8	560	0.341329644967383
8	570	0.335267200856415
8	580	0.338800812447287
8	590	0.340130273549689
8	600	0.33470148844808
8	610	0.338105098096605
8	620	0.33847163315422
8	630	0.330217183812606
8	640	0.338687842293406
8	650	0.333887677562005
8	660	0.33647815395654
8	670	0.330993446476972
8	680	0.326659837846072
8	690	0.326866837108632
8	700	0.327156373620899
8	710	0.333559031264296
8	720	0.330443148862056
8	730	0.332933164171773
8	740	0.335290969693668
8	750	0.327948352368425
8	760	0.325035259581643
8	770	0.325796021486369
8	780	0.320167743567956
8	790	0.328819073731776
8	800	0.320623685848831
8	810	0.324148125248278
8	820	0.322126598987291
8	830	0.325590735825262
8	840	0.319534695728808
8	850	0.316259592430914
8	860	0.312995168604355
8	870	0.314487137943058
8	880	0.311158991266721
8	890	0.310853851674936
8	900	0.312294656167382
8	910	0.30768890551297
8	920	0.310391677558417
8	930	0.302058040371167
8	940	0.308713830021958
8	950	0.305751807390268
8	960	0.307990215495963
8	970	0.307757132234206
8	980	0.306570790809145
8	990	0.309392753841411
9	0	0.679150310580238
9	10	0.556507080579112
9	20	0.507015156639857
9	30	0.472970302647962
9	40	0.445991384381891
9	50	0.426488631493835
9	60	0.411196955310342
9	70	0.400031334023649
9	80	0.383139820694296
9	90	0.378718418281345
9	100	0.377170881938893
9	110	0.358766724115666
9	120	0.364336558222218
9	130	0.363350407710015
9	140	0.356954586775045
9	150	0.354748099893674
9	160	0.350507035869402
9	170	0.352567548217272
9	180	0.343816956840334
9	190	0.345121762969447
9	200	0.346610972492016
9	210	0.349966660278373
9	220	0.341250396560151
9	230	0.339404448610517
9	240	0.339966543859052
9	250	0.340221701582131
9	260	0.342716461871456
9	270	0.338455377270315
9	280	0.330128437292422
9	290	0.334940616036608
9	300	0.334682065483153
9	310	0.327006652348274
9	320	0.32576565930046
9	330	0.322880245522024
9	340	0.330669243798605
9	350	0.319021162416229
9	360	0.325085924168279
9	370	0.326697469967347
9	380	0.324330422438756
9	390	0.328834914888614
9	400	0.326894871533089
9	410	0.326068350191038
9	420	0.323149739180562
9	430	0.322544026039835
9	440	0.327029329216351
9	450	0.321432619920747
9	460	0.31651890150882
9	470	0.322401351428082
9	480	0.322639546443968
9	490	0.320679706901124
9	500	0.311960670080286
9	510	0.320789629357338
9	520	0.316729994696837
9	530	0.315858213996974
9	540	0.311816592686057
9	550	0.310832387186091
9	560	0.320923195563013
9	570	0.318381090143135
9	580	0.315435971564435
9	590	0.317094074571822
9	600	0.316749606042926
9	610	0.315041404342842
9	620	0.312630686908689
9	630	0.313262794307094
9	640	0.311981380049081
9	650	0.319439739198869
9	660	0.316908131917837
9	670	0.31658891032187
9	680	0.307756493402635
9	690	0.308838102103878
9	700	0.313053192712343
9	710	0.309997207172817
9	720	0.309461601700568
9	730	0.306756705175561
9	740	0.30869199458506
9	750	0.310077094408849
9	760	0.305890549053085
9	770	0.308898511018711
9	780	0.304432284418544
9	790	0.305234887041894
9	800	0.303176066636342
9	810	0.299377549203077
9	820	0.30858098387991
9	830	0.300859400273905
9	840	0.301907107996316
9	850	0.300996193154473
9	860	0.296241798458366
9	870	0.304144713334991
9	880	0.294291129407853
9	890	0.30202740775258
9	900	0.293911409124202
9	910	0.29590368092986
9	920	0.29441531690901
9	930	0.290995319001234
9	940	0.298815122515888
9	950	0.294811107009645
9	960	0.293016062183105
9	970	0.289727495091992
9	980	0.296762078955447
9	990	0.290231396461735
10	0	0.6749409015725
10	10	0.550236823519709
10	20	0.496751748358947
10	30	0.459999588742337
10	40	0.435461265018928
10	50	0.421623219956471
10	60	0.402936474177376
10	70	0.39088627002758
10	80	0.381631144205343
10	90	0.378512904024449
10	100	0.377282122790706
10	110	0.366211485693193
10	120	0.371317671809592
10	130	0.368891229615909
10	140	0.362493949526057
10	150	0.361206587538533
10	160	0.362542608680767
10	170	0.358650324280192
10	180	0.352596888888821
10	190	0.352077878531313
10	200	0.347064628734544
10	210	0.339670099060093
10	220	0.347924990127493
10	230	0.337963295577932
10	240	0.344645601553782
10	250	0.332306191902802
10	260	0.33930141743
10	270	0.331394491716017
10	280	0.334621028015583
10	290	0.339020698649919
10	300	0.32763165870265
10	310	0.338625847995781
10	320	0.330420495031047
10	330	0.330453939262377
10	340	0.332955371145184
10	350	0.330398050850637
10	360	0.329721466126964
10	370	0.332777702252626
10	380	0.332380204745042
10	390	0.330662225112974
10	400	0.330255228956289
10	410	0.325848465865375
10	420	0.32768083214721
10	430	0.326399172217621
10	440	0.323727047255088
10	450	0.328588724997673
10	460	0.323605420289611
10	470	0.331637937013083
10	480	0.325269896946708
10	490	0.320982549134792
10	500	0.326888397436611
10	510	0.321070867511689
10	520	0.323147767171086
10	530	0.318122578228702
10	540	0.323440422489031
10	550	0.319310767240163
10	560	0.315271212636709
10	570	0.313987739687583
10	580	0.314325690428004
10	590	0.314699307584501
10	600	0.321011643389274
10	610	0.315909943981266
10	620	0.315443304650905
10	630	0.317197529009874
10	640	0.314978350067942
10	650	0.310830135341451
10	660	0.319425978130539
10	670	0.312889277469206
10	680	0.305785486946068
10	690	0.31657500978334
10	700	0.312772443971153
10	710	0.312955835751049
10	720	0.311356248375343
10	730	0.309853647896296
10	740	0.308859705738594
10	750	0.312673955695008
10	760	0.303895180060675
10	770	0.308594292849296
10	780	0.300488333440253
10	790	0.303024978868499
10	800	0.300797076871634
10	810	0.308586889764294
10	820	0.303669750435457
10	830	0.300678199509892
10	840	0.303454204966248
10	850	0.302197722929079
10	860	0.298937939101008
10	870	0.309885346597314
10	880	0.307529390421528
10	890	0.302934470523219
10	900	0.300006553535724
10	910	0.297666923801006
10	920	0.296584757378977
10	930	0.297740958175707
10	940	0.301981866528767
10	950	0.292838677958682
10	960	0.292813084891176
10	970	0.291284378338432
10	980	0.296445063247836
10	990	0.300150446055958
11	0	0.637112087075881
11	10	0.513771017246829
11	20	0.455326006614987
11	30	0.422811737006779
11	40	0.391667806224402
11	50	0.383959328105739
11	60	0.362169560965854
11	70	0.350247678416214
11	80	0.339891587689629
11	90	0.333770946118506
11	100	0.328698297990353
11	110	0.322228827548555
11	120	0.324211213323249
11	130	0.320349119666112
11	140	0.313852676738851
11	150	0.308074812073692
11	160	0.302116782762227
11	170	0.312370044956107
11	180	0.30488660398305
11	190	0.298594503760077
11	200	0.303365776091874
11	210	0.295376582254561
11	220	0.292029906093182
11	230	0.296568629929267
11	240	0.295571350384453
11	250	0.292111260447582
11	260	0.293606910404247
11	270	0.291311478007175
11	280	0.292708528861193
11	290	0.293285505948459
11	300	0.291244757334521
11	310	0.288612247856295
11	320	0.293109897853215
11	330	0.285860890525747
11	340	0.290124259533922
11	350	0.285630763866145
11	360	0.285957574176997
11	370	0.285079018119963
11	380	0.286031530420034
11	390	0.279621879689062
11	400	0.281109509250785
11	410	0.28049599920907
11	420	0.278320406783453
11	430	0.282746782493067
11	440	0.284305075086909
11	450	0.274837727773695
11	460	0.271396255308216
11	470	0.282435145865543
11	480	0.281036564773883
11	490	0.271099371453317
11	500	0.280416774483148
11	510	0.271678806207105
11	520	0.269925474923056
11	530	0.273368958286693
11	540	0.273262337761776
11	550	0.265773818383619
11	560	0.274124089120881
11	570	0.270579141087766
11	580	0.267858909239794
11	590	0.274376146457818
11	600	0.26650538425586
11	610	0.263960309721352
11	620	0.269765823167307
11	630	0.268519607606243
11	640	0.265027620616769
11	650	0.265332855858738
11	660	0.265440630249915
11	670	0.264443780748484
11	680	0.267550987747301
11	690	0.266120201114471
11	700	0.26720294304248
11	710	0.267874411662091
11	720	0.26904680472337
11	730	0.261409509227331
11	740	0.261655602557468
11	750	0.263961171445721
11	760	0.256931455566052
11	770	0.262832562162095
11	780	0.256740371379661
11	790	0.261961160829864
11	800	0.254653499758729
11	810	0.258869942853235
11	820	0.26447867021706
11	830	0.26277382580599
11	840	0.255209623232334
11	850	0.254211377802986
11	860	0.248862759528785
11	870	0.245129392476319
11	880	0.254087759622956
11	890	0.250424515765097
11	900	0.251479789861861
11	910	0.254406387306517
11	920	0.249814567059596
11	930	0.245719015244569
11	940	0.258652101407592
11	950	0.250101077685298
11	960	0.245551613597663
11	970	0.249728288287619
11	980	0.245775238759397
11	990	0.243683633797199
12	0	0.693968029271997
12	10	0.575011784429935
12	20	0.509590277560337
12	30	0.475506478695404
12	40	0.44037272267013
12	50	0.429271328290942
12	60	0.411415557584123
12	70	0.403613844355281
12	80	0.39668295259474
12	90	0.380771639310663
12	100	0.371217734355508
12	110	0.363127690444266
12	120	0.366400875258788
12	130	0.361562728253585
12	140	0.361080259272326
12	150	0.361294807497676
12	160	0.357237854941129
12	170	0.355718607121372
12	180	0.35606344974446
12	190	0.353942442656022
12	200	0.348820220493479
12	210	0.344579254574862
12	220	0.349389430426872
12	230	0.349143775028901
12	240	0.35088942409145
12	250	0.341795037228341
12	260	0.344906890262273
12	270	0.340887903190105
12	280	0.339505075985648
12	290	0.33738479851245
12	300	0.335988935845644
12	310	0.341489196848765
12	320	0.341026112075281
12	330	0.336895850463899
12	340	0.332967129132368
12	350	0.332341822200985
12	360	0.338730176522932
12	370	0.329525757544951
12	380	0.335529661190336
12	390	0.334140839521223
12	400	0.333351858110315
12	410	0.327772837884066
12	420	0.324987379760794
12	430	0.327049932084625
12	440	0.32874837307922
12	450	0.327469499197658
12	460	0.329286138514048
12	470	0.328909247024593
12	480	0.324981359629065
12	490	0.331021551840907
12	500	0.322242469197983
12	510	0.329575807395774
12	520	0.312743686680997
12	530	0.321913813604308
12	540	0.316182164711705
12	550	0.31670413913428
12	560	0.321510118842495
12	570	0.320593386404021
12	580	0.321952593528877
12	590	0.314650618617199
12	600	0.317477745737125
12	610	0.321367342867414
12	620	0.318161410534134
12	630	0.317944917051841
12	640	0.324515022709706
12	650	0.325011500180067
12	660	0.326343204380242
12	670	0.323790449099766
12	680	0.313137051367985
12	690	0.322196644990593
12	700	0.318170869131625
12	710	0.315088363037976
12	720	0.305971549647952
12	730	0.315912438529888
12	740	0.311902198136243
12	750	0.30889676879165
12	760	0.313122463924256
12	770	0.305677822201131
12	780	0.307587386510616
12	790	0.311576432436739
12	800	0.311272359628022
12	810	0.311120155796272
12	820	0.303914212629236
12	830	0.308259529835288
12	840	0.311434909388237
12	850	0.303078751078021
12	860	0.305532852242199
12	870	0.308608412792451
12	880	0.312450435956965
12	890	0.299891014664927
12	900	0.305619163924564
12	910	0.29867339700383
12	920	0.307488309471271
12	930	0.30405283522148
12	940	0.296768467911096
12	950	0.298280448205233
12	960	0.302956355424374
12	970	0.301230867378701
12	980	0.292627362590768
12	990	0.294207125078985
13	0	0.667077950353482
13	10	0.52980771308295
13	20	0.469208523277508
13	30	0.427975771369724
13	40	0.399489510728658
13	50	0.384930909219113
13	60	0.368429902894106
13	70	0.355781302742028
13	80	0.346655368804656
13	90	0.329995674397675
13	100	0.328287074100472
13	110	0.321206407178678
13	120	0.317400300215853
13	130	0.315442342434818
13	140	0.310294833988522
13	150	0.306172343174647
13	160	0.303127345886218
13	170	0.294275935820887
13	180	0.300371907471995
13	190	0.298526346133535
13	200	0.295063255748371
13	210	0.299130394600976
13	220	0.303238078563158
13	230	0.299468715393021
13	240	0.289687466741728
13	250	0.294785133411119
13	260	0.290188755023829
13	270	0.292386384555158
13	280	0.2912366828255
13	290	0.297139554320303
13	300	0.291705292544056
13	310	0.29060180600527
13	320	0.291376932684479
13	330	0.282581328679109
13	340	0.282091547853543
13	350	0.284684167551894
13	360	0.281394918033457
13	370	0.282099934645152
13	380	0.282956453299851
13	390	0.277151755851858
13	400	0.280020778763001
13	410	0.281696373000287
13	420	0.285119549547196
13	430	0.283774183692014
13	440	0.27632361736552
13	450	0.275735044475883
13	460	0.277071696935081
13	470	0.276560169284675
13	480	0.27862559002974
13	490	0.276517990856016
13	500	0.276739987212955
13	510	0.278434588567956
13	520	0.273731558674843
13	530	0.27021209008475
13	540	0.273251982672374
13	550	0.268255457635406
13	560	0.268418021037665
13	570	0.269830396993799
13	580	0.271699516169877
13	590	0.268156277907679
13	600	0.267825592314131
13	610	0.26885154378601
13	620	0.271954672976974
13	630	0.267065149870164
13	640	0.266511018432605
13	650	0.264715256090264
13	660	0.268930421114181
13	670	0.26498219195914
13	680	0.258934839799581
13	690	0.262143418846186
13	700	0.270154581038326
13	710	0.263218113962167
13	720	0.265561271593686
13	730	0.263513935332414
13	740	0.256084819585237
13	750	0.259852322864186
13	760	0.261181352703337
13	770	0.264234344075644
13	780	0.256629425145075
13	790	0.260135499652968
13	800	0.261115962353842
13	810	0.261466964754498
13	820	0.259461003136082
13	830	0.254436982672165
13	840	0.266947666698802
13	850	0.262792589924469
13	860	0.265520639170696
13	870	0.261241159976413
13	880	0.264471747607513
13	890	0.259655582320149
13	900	0.255768481413132
13	910	0.259281842402182
13	920	0.254470477312539
13	930	0.248875022144413
13	940	0.25652138677854
13	950	0.253138463963017
13	960	0.254088795239481
13	970	0.251235915946551
13	980	0.251913698154355
13	990	0.253679365558238
14	0	0.66473680032982
14	10	0.534725527604066
14	20	0.481297807533415
14	30	0.446704546261979
14	40	0.424586822003991
14	50	0.405734787578281
14	60	0.386945827252648
14	70	0.382475762213557
14	80	0.369922929112282
14	90	0.363640499283675
14	100	0.35782242140293
14	110	0.347209809798896
14	120	0.349856967619602
14	130	0.338641299266661
14	140	0.338858790850199
14	150	0.335476949057816
14	160	0.339821924110021
14	170	0.336076813613318
14	180	0.336527835886158
14	190	0.331969029472802
14	200	0.331915556548992
14	210	0.333004848031204
14	220	0.332489245396295
14	230	0.326958804056583
14	240	0.319523122281974
14	250	0.328023072675043
14	260	0.319991283667714
14	270	0.312671961386446
14	280	0.322103915343636
14	290	0.323158469554153
14	300	0.326794123856562
14	310	0.318411870091406
14	320	0.318527408632551
14	330	0.316348261147384
14	340	0.323881115973126
14	350	0.324041706353724
14	360	0.31498478815477
14	370	0.31995350629657
14	380	0.315998477563403
14	390	0.317127737856923
14	400	0.312717455715004
14	410	0.317520901715447
14	420	0.32144762410565
14	430	0.317714834468224
14	440	0.324605152487362
14	450	0.316137522775859
14	460	0.320403311160804
14	470	0.321277905550309
14	480	0.321694162725382
14	490	0.317392660338577
14	500	0.317589215390921
14	510	0.313867926346173
14	520	0.304950648440966
14	530	0.311086937030899
14	540	0.311751362196313
14	550	0.309810459406702
14	560	0.314686207042466
14	570	0.305490092973773
14	580	0.310017137705155
14	590	0.318316443248567
14	600	0.311482840997621
14	610	0.316033208284502
14	620	0.308388481494004
14	630	0.311407880355999
14	640	0.305541354399889
14	650	0.312221954819425
14	660	0.306416520447301
14	670	0.311245578312546
14	680	0.306339206891785
14	690	0.308935903152309
14	700	0.30065993286527
14	710	0.297189593683644
14	720	0.307868897553824
14	730	0.307714135385825
14	740	0.300432970510089
14	750	0.298490602188936
14	760	0.305858176169012
14	770	0.304404349079627
14	780	0.293536791708656
14	790	0.293485458980281
14	800	0.296682759664159
14	810	0.302627124916132
14	820	0.306718053602063
14	830	0.304163004355054
14	840	0.296756811325951
14	850	0.297713946429567
14	860	0.299174778225526
14	870	0.296018898506701
14	880	0.302312364087123
14	890	0.301004106698819
14	900	0.294868812560395
14	910	0.304082071701246
14	920	0.296689194475764
14	930	0.296286208547947
14	940	0.298310623937864
14	950	0.294427496770556
14	960	0.29447016045397
14	970	0.292986445975056
14	980	0.296821791398043
14	990	0.293703182164095
15	0	0.70938679156184
15	10	0.580757249812131
15	20	0.523536665763911
15	30	0.487020550597693
15	40	0.466532691458931
15	50	0.438755397398934
15	60	0.426058514027258
15	70	0.415165893689052
15	80	0.408295188297506
15	90	0.394680798643076
15	100	0.391782388582168
15	110	0.383915144743448
15	120	0.38105586550111
15	130	0.380904806965913
15	140	0.369806027445496
15	150	0.371972489568507
15	160	0.374166291736466
15	170	0.374937519147184
15	180	0.370154508494601
15	190	0.366408841935379
15	200	0.359127272559248
15	210	0.365210574191347
15	220	0.362728098119204
15	230	0.36247644549461
15	240	0.356909689001955
15	250	0.35934172990141
15	260	0.346711151589556
15	270	0.349587743845587
15	280	0.347979112699162
15	290	0.352317937633093
15	300	0.354045219225058
15	310	0.348908412475883
15	320	0.344730222866721
15	330	0.346665568528396
15	340	0.349327482544932
15	350	0.33939814668623
15	360	0.34722348088821
15	370	0.340087259192753
15	380	0.33403537044918
15	390	0.341570939217584
15	400	0.346187754150023
15	410	0.343685541798875
15	420	0.348024809786874
15	430	0.342548679360714
15	440	0.339028653127522
15	450	0.343453788462212
15	460	0.338610572809526
15	470	0.335558569100048
15	480	0.342772246889517
15	490	0.337591904950138
15	500	0.345232894894806
15	510	0.345181145275633
15	520	0.339958723863354
15	530	0.331525643600341
15	540	0.33239197661028
15	550	0.328459821047015
15	560	0.334491953712057
15	570	0.322127924927016
15	580	0.33292618971999
15	590	0.325409200649164
15	600	0.322200536043152
15	610	0.332614935742452
15	620	0.324731980805633
15	630	0.326581012464253
15	640	0.335545510981572
15	650	0.321476730097435
15	660	0.331350774584068
15	670	0.324731520549623
15	680	0.326656771211328
15	690	0.318831122562061
15	700	0.324963487407306
15	710	0.332751726477042
15	720	0.317059808420748
15	730	0.321102509973233
15	740	0.319732592229453
15	750	0.314847640061815
15	760	0.316259769753468
15	770	0.311814250221513
15	780	0.312860125340259
15	790	0.321840149248301
15	800	0.316555300925622
15	810	0.314668579259604
15	820	0.305280099189513
15	830	0.309482802615697
15	840	0.310214806908889
15	850	0.317164505202118
15	860	0.312028991720881
15	870	0.310795942491996
15	880	0.305188278654272
15	890	0.313396427612229
15	900	0.311699526309999
15	910	0.30306771881647
15	920	0.305721091089879
15	930	0.304051154321357
15	940	0.299149668857844
15	950	0.300559094817325
15	960	0.29997132753761
15	970	0.306732348418403
15	980	0.300789948604058
15	990	0.2973443437225
16	0	0.669746818825776
16	10	0.552554697869833
16	20	0.492599835715732
16	30	0.452505251642109
16	40	0.429841691749603
16	50	0.405964371521427
16	60	0.38810405683576
16	70	0.378714940351058
16	80	0.372001836128852
16	90	0.362459531879242
16	100	0.35023482385566
16	110	0.350876474041591
16	120	0.34506470973933
16	130	0.343941509741098
16	140	0.340650666613428
16	150	0.33433871712069
16	160	0.334200012362407
16	170	0.332782479829746
16	180	0.333304640177425
16	190	0.330621582707993
16	200	0.32479778990262
16	210	0.327073582680108
16	220	0.325159203235756
16	230	0.328278296278043
16	240	0.324540086271579
16	250	0.320642405238643
16	260	0.318536808877573
16	270	0.314914946764383
16	280	0.319278830753973
16	290	0.316835839338658
16	300	0.307990620887009
16	310	0.314397789197866
16	320	0.314451702444832
16	330	0.309783566786253
16	340	0.308617372247386
16	350	0.307132272628817
16	360	0.30564822920515
16	370	0.305341880611215
16	380	0.304841647012429
16	390	0.298954540249728
16	400	0.299237948167222
16	410	0.305797106264574
16	420	0.29907164814992
16	430	0.305485224963355
16	440	0.304383816024666
16	450	0.304412841154663
16	460	0.30845396806807
16	470	0.300232168144097
16	480	0.29926983682947
16	490	0.304931823320739
16	500	0.298125732878556
16	510	0.302867396294586
16	520	0.298853191260364
16	530	0.297701290741855
16	540	0.304495904034612
16	550	0.299324051060122
16	560	0.294786773973162
16	570	0.290788160860747
16	580	0.293793857779634
16	590	0.297379234116669
16	600	0.291806357254776
16	610	0.291876978859911
16	620	0.290716210105785
16	630	0.283953908830892
16	640	0.289025871953493
16	650	0.292907193204519
16	660	0.29089398407956
16	670	0.287868967064196
16	680	0.290772404408117
16	690	0.293425665335833
16	700	0.291355265583889
16	710	0.289118524588127
16	720	0.286746699788572
16	730	0.291332683928667
16	740	0.287050862349859
16	750	0.28962756689471
16	760	0.28895370418477
16	770	0.285170584241793
16	780	0.285153315045841
16	790	0.284734262462444
16	800	0.278483117390558
16	810	0.278621277409465
16	820	0.285602288269784
16	830	0.276252142925273
16	840	0.273892334639365
16	850	0.278096606235319
16	860	0.275962799378973
16	870	0.273199464278241
16	880	0.280588233255503
16	890	0.272590311702278
16	900	0.274818350437283
16	910	0.273737111547033
16	920	0.280641682625545
16	930	0.279342611652579
16	940	0.276734951670423
16	950	0.279215098413887
16	960	0.275013564708924
16	970	0.279456519511874
16	980	0.278435618628594
16	990	0.274041718027024
17	0	0.647047590952137
17	10	0.529877722077723
17	20	0.468316230911943
17	30	0.442277153256363
17	40	0.417197081483725
17	50	0.3940882218062
17	60	0.385580648740475
17	70	0.376421538590104
17	80	0.365533194975493
17	90	0.358925687862806
17	100	0.357204408324466
17	110	0.352725131361111
17	120	0.34711799791511
17	130	0.339229354274393
17	140	0.341897321173957
17	150	0.343765658635453
17	160	0.335005406167464
17	170	0.333782955789088
17	180	0.333575697444065
17	190	0.328729381576048
17	200	0.331877977840719
17	210	0.332877515927403
17	220	0.327128941432289
17	230	0.323836468110309
17	240	0.327136634740797
17	250	0.327509162688648
17	260	0.322670317467693
17	270	0.323734530872135
17	280	0.32533913894091
17	290	0.322569308989336
17	300	0.318728693271695
17	310	0.323114431820774
17	320	0.317721104275279
17	330	0.314741627055698
17	340	0.320979824867789
17	350	0.318951098192722
17	360	0.316039610141426
17	370	0.316476122340786
17	380	0.324639081562736
17	390	0.316699748691058
17	400	0.314413433424786
17	410	0.309008612746905
17	420	0.315655321810982
17	430	0.31214653062105
17	440	0.318743423308451
17	450	0.315597442961403
17	460	0.308452716285991
17	470	0.314495793326226
17	480	0.310633899648657
17	490	0.311317556151506
17	500	0.315328327009282
17	510	0.306883849541751
17	520	0.317187488634598
17	530	0.312214469942968
17	540	0.307484431110448
17	550	0.300639493384507
17	560	0.310955444556054
17	570	0.306103153832193
17	580	0.308262362000247
17	590	0.312080613982409
17	600	0.312290620106016
17	610	0.305479374648367
17	620	0.3114835734069
17	630	0.303166725408658
17	640	0.308562250032911
17	650	0.315528681430488
17	660	0.316460176348147
17	670	0.307140218347473
17	680	0.305774618564984
17	690	0.305114646039008
17	700	0.307566485571143
17	710	0.306847251803359
17	720	0.301969292754882
17	730	0.305394104930965
17	740	0.304808630790849
17	750	0.298176204515912
17	760	0.304210359226307
17	770	0.298724126287748
17	780	0.298388362904292
17	790	0.302045383751592
17	800	0.298599218573209
17	810	0.297696379951264
17	820	0.296317235532055
17	830	0.298643143894839
17	840	0.298640189583646
17	850	0.303342123801157
17	860	0.300220895370128
17	870	0.296517681681394
17	880	0.294957080983487
17	890	0.298757377788296
17	900	0.291865298614912
17	910	0.292900816310855
17	920	0.296692111837741
17	930	0.298056867426238
17	940	0.290979539322907
17	950	0.29458243598631
17	960	0.295174263008163
17	970	0.295463795157511
17	980	0.290508290994366
17	990	0.288611584596772
18	0	0.614210649702242
18	10	0.492079181740799
18	20	0.443287712771399
18	30	0.415400956256249
18	40	0.392136926442614
18	50	0.375274986674794
18	60	0.362282368483445
18	70	0.351703197499304
18	80	0.343029916827217
18	90	0.340263868686866
18	100	0.335623396992191
18	110	0.329124444107442
18	120	0.325808781863029
18	130	0.324493762838135
18	140	0.316747801170052
18	150	0.318186482315181
18	160	0.315488579341934
18	170	0.315655115837215
18	180	0.31431631375279
18	190	0.30979639063939
18	200	0.308759222493483
18	210	0.310123346745862
18	220	0.306999177175672
18	230	0.306731942722274
18	240	0.302107427167993
18	250	0.29735989244152
18	260	0.295344711992991
18	270	0.297230304010165
18	280	0.291373628061443
18	290	0.296595177377591
18	300	0.296475738588744
18	310	0.296790003620397
18	320	0.2957020422139
18	330	0.296121954967562
18	340	0.295653121003223
18	350	0.298881073264814
18	360	0.293202447652158
18	370	0.294886885292179
18	380	0.290802075693162
18	390	0.290260587744079
18	400	0.291153319278188
18	410	0.288708485682651
18	420	0.288853586671451
18	430	0.286308626020397
18	440	0.287282735497163
18	450	0.29082548035279
18	460	0.285325238939023
18	470	0.285464410093848
18	480	0.284646500850724
18	490	0.28330586535672
18	500	0.288238000166644
18	510	0.285085843320747
18	520	0.283136558610579
18	530	0.282940733598997
18	540	0.28449894996351
18	550	0.277882375626538
18	560	0.280170002768995
18	570	0.278247012066003
18	580	0.280517192466108
18	590	0.27876503420537
18	600	0.277162162260484
18	610	0.274717409586668
18	620	0.275708107755918
18	630	0.276817566329567
18	640	0.276476881519022
18	650	0.279129095172036
18	660	0.27547895562126
18	670	0.278416506438846
18	680	0.275822013650313
18	690	0.276417272470696
18	700	0.274664909203099
18	710	0.277045929573865
18	720	0.277418754332596
18	730	0.276025843167941
18	740	0.272559842798886
18	750	0.270497385640062
18	760	0.272462433049179
18	770	0.270187425681107
18	780	0.269315642753532
18	790	0.272520050009556
18	800	0.265177386706913
18	810	0.268458749166677
18	820	0.270022146329219
18	830	0.270015688774801
18	840	0.268082674165153
18	850	0.266544310440609
18	860	0.265287051420209
18	870	0.266815320556645
18	880	0.262489138925771
18	890	0.262997814391297
18	900	0.26729437522735
18	910	0.267538337353766
18	920	0.262236748274286
18	930	0.262866097063676
18	940	0.26205566073897
18	950	0.259412099527251
18	960	0.261331590144901
18	970	0.260055881157269
18	980	0.257692883386753
18	990	0.257330439944856
19	0	0.657910594867059
19	10	0.531403058064726
19	20	0.479725432287555
19	30	0.443517316960095
19	40	0.417410350221261
19	50	0.401108915816945
19	60	0.388725233085366
19	70	0.379111344930423
19	80	0.371024867670794
19	90	0.360034386860839
19	100	0.356008776210768
19	110	0.356764250709501
19	120	0.340612814339513
19	130	0.341229480266012
19	140	0.341589024626091
19	150	0.334990793890229
19	160	0.334730915551051
19	170	0.326321990864924
19	180	0.332624254637154
19	190	0.323365202986915
19	200	0.322720433651406
19	210	0.317181301226622
19	220	0.320295475639598
19	230	0.322324334119882
19	240	0.316783118556014
19	250	0.313159638706101
19	260	0.314142540887488
19	270	0.312141766252294
19	280	0.31060365870588
19	290	0.307555988593547
19	300	0.306847335542102
19	310	0.310747267404582
19	320	0.306870106209267
19	330	0.303689979514484
19	340	0.300740168212078
19	350	0.301535831080644
19	360	0.298064793187497
19	370	0.301120673517834
19	380	0.299712203847111
19	390	0.292764592449285
19	400	0.293486632079743
19	410	0.293247466600736
19	420	0.29844210202197
19	430	0.293523538005059
19	440	0.289749819794851
19	450	0.292120225064518
19	460	0.290379668062268
19	470	0.291097664672728
19	480	0.289394138031595
19	490	0.286700861439271
19	500	0.288617333025983
19	510	0.294177651693588
19	520	0.29248975534358
19	530	0.289137694615223
19	540	0.29036374632287
19	550	0.285561691360543
19	560	0.28880564165512
19	570	0.291510768250355
19	580	0.282922124713429
19	590	0.282714765499068
19	600	0.28483715806288
19	610	0.282680878581724
19	620	0.283355858845866
19	630	0.278431989930579
19	640	0.27644080750439
19	650	0.280988607196703
19	660	0.269186545308863
19	670	0.277566341594493
19	680	0.28049133154094
19	690	0.272457743274466
19	700	0.271685329695867
19	710	0.266482230208568
19	720	0.264062007500725
19	730	0.268527397597371
19	740	0.271987238692531
19	750	0.273489005736847
19	760	0.272037051642105
19	770	0.2699119637356
19	780	0.271707669476021
19	790	0.274166570415573
19	800	0.268266870044275
19	810	0.272064018774481
19	820	0.27328943380553
19	830	0.262875332390877
19	840	0.262246347344245
19	850	0.261404925215034
19	860	0.260304572336088
19	870	0.260111199442734
19	880	0.261961008436666
19	890	0.261845771091779
19	900	0.25656644063959
19	910	0.254468617334281
19	920	0.260641937377334
19	930	0.259482366788125
19	940	0.259408071982258
19	950	0.2577250768008
19	960	0.258350765335433
19	970	0.262098957664035
19	980	0.257112740433785
19	990	0.253876040868906
20	0	0.669803496754823
20	10	0.546637407102002
20	20	0.48641468381692
20	30	0.458492212954658
20	40	0.427795088024287
20	50	0.408782397701011
20	60	0.393586326954877
20	70	0.383446492703425
20	80	0.375462655637348
20	90	0.359794049307775
20	100	0.360368113323785
20	110	0.352670580701217
20	120	0.341676999681435
20	130	0.333584186763742
20	140	0.332600865275035
20	150	0.329328307886505
20	160	0.335238003350835
20	170	0.336529940362807
20	180	0.331942865753216
20	190	0.333284890093739
20	200	0.330438685041935
20	210	0.324398858513181
20	220	0.323696706012215
20	230	0.315560514980984
20	240	0.317632376988973
20	250	0.315316912594961
20	260	0.313095134502052
20	270	0.315326388834521
20	280	0.309927437720212
20	290	0.306478949198092
20	300	0.313102248468037
20	310	0.301567626869119
20	320	0.303588684212615
20	330	0.30027780206721
20	340	0.301078653926427
20	350	0.300227868691187
20	360	0.306036646564366
20	370	0.295397161040865
20	380	0.300274187770187
20	390	0.301058258821685
20	400	0.298964916788783
20	410	0.295114877685576
20	420	0.293628213804553
20	430	0.296627441632845
20	440	0.299646087528818
20	450	0.29642730857349
20	460	0.289422294526504
20	470	0.292450285565657
20	480	0.295521500244193
20	490	0.293576806794692
20	500	0.292187747629739
20	510	0.290980138811197
20	520	0.293768378744874
20	530	0.290785111588488
20	540	0.288732964792504
20	550	0.287789992023452
20	560	0.292711676920846
20	570	0.286280276938668
20	580	0.291613316244022
20	590	0.283506527848365
20	600	0.283171628716939
20	610	0.280473856426865
20	620	0.286067651752723
20	630	0.285224630270349
20	640	0.291780998103973
20	650	0.286335718260302
20	660	0.286637849804089
20	670	0.285273484484534
20	680	0.280395359093461
20	690	0.283989661068477
20	700	0.277096286085174
20	710	0.270195057104663
20	720	0.275649376938602
20	730	0.265746112380596
20	740	0.276127901531511
20	750	0.270666619614227
20	760	0.271984437982447
20	770	0.265444435477423
20	780	0.269108661188398
20	790	0.262342440330107
20	800	0.268470943434752
20	810	0.273704529303727
20	820	0.268731043845053
20	830	0.26951283338367
20	840	0.259348676164188
20	850	0.260689492540672
20	860	0.260172872662939
20	870	0.265120083740967
20	880	0.267832721001082
20	890	0.262702460829472
20	900	0.266570113913772
20	910	0.259155987532262
20	920	0.259430325836862
20	930	0.26409685081787
20	940	0.25420272913494
20	950	0.255577386935381
20	960	0.251601536000427
20	970	0.254867377293303
20	980	0.248465359143354
20	990	0.255786901538936
21	0	0.68793435471625
21	10	0.5786270340953
21	20	0.526628680294255
21	30	0.484732024971483
21	40	0.458465301585551
21	50	0.438756817624147
21	60	0.425465449744326
21	70	0.409344163848864
21	80	0.400841630199297
21	90	0.393057725416894
21	100	0.392411969500316
21	110	0.383656223343941
21	120	0.379483481755316
21	130	0.373173483342699
21	140	0.369330906051735
21	150	0.35862736663111
21	160	0.362038089539969
21	170	0.362982024062928
21	180	0.36484188071011
21	190	0.355447983766437
21	200	0.354083046572211
21	210	0.348530712235217
21	220	0.343610888405098
21	230	0.353082938142737
21	240	0.348636190111092
21	250	0.349955744449009
21	260	0.346989081169574
21	270	0.345857625750097
21	280	0.344798863035074
21	290	0.341867629728214
21	300	0.338514097931176
21	310	0.340763148059973
21	320	0.336867332220305
21	330	0.337060609605657
21	340	0.335785855669388
21	350	0.329984269322394
21	360	0.332300611258647
21	370	0.336032237049303
21	380	0.334016631158537
21	390	0.335927541627785
21	400	0.323289365728076
21	410	0.327536882696683
21	420	0.330596656101555
21	430	0.330897748512395
21	440	0.329834296205615
21	450	0.321046016829329
21	460	0.333464782510251
21	470	0.319669896184675
21	480	0.319143253071707
21	490	0.322823316647241
21	500	0.326169023819923
21	510	0.321933703358093
21	520	0.318490594500277
21	530	0.316688562823347
21	540	0.319495105697942
21	550	0.321204724449963
21	560	0.323074995560629
21	570	0.315118032935244
21	580	0.318703028434898
21	590	0.313403956893561
21	600	0.318098733212796
21	610	0.31767263081297
21	620	0.311506098756908
21	630	0.314932010078097
21	640	0.311495893006667
21	650	0.319996222176016
21	660	0.317315796153461
21	670	0.310261963398401
21	680	0.311878705489726
21	690	0.308806767532117
21	700	0.314441992359185
21	710	0.314367667346991
21	720	0.309327906798795
21	730	0.317272909597278
21	740	0.304992810758919
21	750	0.311896349485341
21	760	0.313056309447487
21	770	0.310197966814354
21	780	0.318952733930348
21	790	0.311302629498601
21	800	0.311183611474487
21	810	0.316655767241752
21	820	0.317767391751477
21	830	0.310149463155564
21	840	0.311678319102015
21	850	0.309111187487407
21	860	0.31029107830513
21	870	0.309404526088544
21	880	0.30844980420023
21	890	0.311633393564692
21	900	0.30880599737874
21	910	0.302777641606022
21	920	0.307297159520041
21	930	0.302372524824931
21	940	0.309114394020636
21	950	0.301277469327457
21	960	0.298899965725496
21	970	0.293745175750748
21	980	0.303519407436724
21	990	0.303623991739367
22	0	0.6912854340323
22	10	0.559449321387667
22	20	0.500399099701337
22	30	0.451058636254424
22	40	0.435596076636711
22	50	0.416188979207907
22	60	0.39443605224508
22	70	0.381813962647815
22	80	0.378992110135537
22	90	0.370383371365167
22	100	0.362044724411172
22	110	0.356714797380001
22	120	0.353035718243188
22	130	0.346578960965031
22	140	0.346482438055836
22	150	0.336653758680568
22	160	0.336554025666348
22	170	0.332874575226125
22	180	0.336383796797271
22	190	0.335978789250743
22	200	0.323333300737823
22	210	0.336657196963221
22	220	0.324294343467855
22	230	0.324774523262825
22	240	0.325048962319076
22	250	0.332015361740308
22	260	0.331322885768064
22	270	0.325942007844031
22	280	0.317044331106042
22	290	0.317520416907492
22	300	0.314618152817974
22	310	0.31149954415525
22	320	0.308873255164667
22	330	0.31974644049347
22	340	0.313902340062142
22	350	0.306303039528116
22	360	0.310184159151452
22	370	0.3150783655562
22	380	0.309905552600563
22	390	0.299736720213077
22	400	0.3172434992202
22	410	0.301666581372291
22	420	0.300717689015712
22	430	0.302101303004666
22	440	0.302072177289776
22	450	0.30606043881195
22	460	0.312990640750519
22	470	0.309173787943511
22	480	0.313997970879354
22	490	0.302972462665216
22	500	0.311225735433829
22	510	0.31475997826411
22	520	0.309184742260903
22	530	0.301192104849215
22	540	0.304310046825819
22	550	0.307260913273298
22	560	0.301554974662817
22	570	0.298815134802423
22	580	0.300519879111409
22	590	0.301119087237323
22	600	0.305059022454705
22	610	0.29538511758449
22	620	0.300439431938535
22	630	0.300476434999213
22	640	0.297143526937884
22	650	0.300891137738588
22	660	0.297173930197448
22	670	0.293921226929481
22	680	0.292149686702273
22	690	0.289289258162445
22	700	0.288643613787655
22	710	0.29359192964367
22	720	0.299426527695693
22	730	0.299539289998652
22	740	0.282345513672342
22	750	0.281227323301902
22	760	0.287131479073906
22	770	0.288857201245743
22	780	0.288058471455863
22	790	0.28804297920902
22	800	0.284007919070571
22	810	0.293938127800855
22	820	0.284839934778662
22	830	0.291828607864188
22	840	0.285732192628167
22	850	0.29228665133734
22	860	0.290202223412273
22	870	0.285703858620111
22	880	0.290442525051896
22	890	0.291025156558673
22	900	0.287983922731795
22	910	0.289427492910004
22	920	0.28789248074047
22	930	0.291193665037437
22	940	0.285352912532352
22	950	0.278957184479558
22	960	0.285996958033292
22	970	0.27923521900152
22	980	0.282758774217143
22	990	0.278640741819805
23	0	0.687198397401357
23	10	0.565236304810738
23	20	0.505648620480881
23	30	0.475221944019392
23	40	0.441369988838835
23	50	0.419931912889634
23	60	0.415861848850116
23	70	0.401588507298985
23	80	0.388247706022464
23	90	0.379869496293379
23	100	0.370704716956406
23	110	0.362144142623971
23	120	0.361891705644796
23	130	0.355134939926207
23	140	0.36100261821597
23	150	0.351690118398165
23	160	0.346424758967846
23	170	0.339279466236282
23	180	0.344926602651671
23	190	0.348749630277248
23	200	0.347748289291107
23	210	0.341659331015327
23	220	0.339273215069921
23	230	0.341741532097112
23	240	0.340349693117954
23	250	0.335959378594557
23	260	0.338831184793184
23	270	0.335905342315431
23	280	0.33032037957272
23	290	0.336913673622896
23	300	0.327383745908489
23	310	0.330049109327259
23	320	0.330657528291017
23	330	0.330925691194936
23	340	0.321526650209069
23	350	0.323640322665418
23	360	0.33313311810006
23	370	0.33033654278753
23	380	0.322760222482875
23	390	0.330509977174407
23	400	0.330647108685041
23	410	0.322660183131179
23	420	0.32128583182466
23	430	0.325217278381401
23	440	0.322816896995555
23	450	0.318620478227871
23	460	0.317945661533416
23	470	0.318112095839786
23	480	0.318474341619802
23	490	0.326756759431176
23	500	0.320147116971397
23	510	0.319116353570837
23	520	0.319873535414577
23	530	0.322177312504054
23	540	0.318401853327614
23	550	0.313215374852059
23	560	0.312354815022976
23	570	0.314297224309357
23	580	0.308414567606681
23	590	0.319729620017505
23	600	0.315286130808473
23	610	0.322406439033728
23	620	0.31757292902904
23	630	0.31714449327201
23	640	0.315237101891489
23	650	0.319205033749083
23	660	0.311657000977286
23	670	0.316655587824926
23	680	0.315801866768905
23	690	0.317028665117572
23	700	0.309736167064897
23	710	0.302990204886715
23	720	0.310839951045666
23	730	0.306599159744153
23	740	0.311648485425494
23	750	0.310249071051641
23	760	0.305871659337343
23	770	0.305286186285131
23	780	0.304161668550639
23	790	0.310196966514871
23	800	0.302034418479785
23	810	0.308771338048375
23	820	0.306985455527357
23	830	0.312084984900957
23	840	0.300798357985286
23	850	0.299816768382367
23	860	0.309948705568821
23	870	0.304902179483785
23	880	0.304110996174022
23	890	0.30449635722312
23	900	0.311928202789487
23	910	0.315053108585813
23	920	0.306198687935253
23	930	0.300868029168783
23	940	0.30084571683366
23	950	0.295601612269529
23	960	0.294119761642758
23	970	0.300213414496912
23	980	0.299042083539558
23	990	0.299532597703783
24	0	0.666925120379791
24	10	0.553603334243323
24	20	0.499864154527816
24	30	0.465691633669414
24	40	0.440530405309169
24	50	0.415756494984764
24	60	0.403092200846797
24	70	0.394024331682401
24	80	0.38198764211529
24	90	0.370793029908338
24	100	0.365497333091077
24	110	0.3584117247226
24	120	0.353429929944631
24	130	0.35464176621134
24	140	0.348540901538534
24	150	0.354839674136421
24	160	0.346094727203032
24	170	0.348592481544482
24	180	0.339838891226378
24	190	0.337624085669745
24	200	0.343705100785529
24	210	0.343817933588939
24	220	0.337972567848466
24	230	0.340565273558661
24	240	0.343666273932297
24	250	0.334251296104078
24	260	0.333542346216922
24	270	0.334579573641468
24	280	0.330460977626989
24	290	0.329070205494979
24	300	0.325193230794945
24	310	0.329755206803408
24	320	0.336164228969738
24	330	0.32665275167604
24	340	0.325927526502515
24	350	0.325619229114599
24	360	0.325207593291573
24	370	0.321598107782632
24	380	0.3215384702533
24	390	0.321262863863042
24	400	0.3236265859511
24	410	0.318051775257143
24	420	0.323975728514875
24	430	0.32071160285457
24	440	0.315108486076103
24	450	0.316264678973414
24	460	0.315570658138646
24	470	0.30760733970689
24	480	0.305921965247304
24	490	0.313860637524978
24	500	0.316641393842115
24	510	0.313274289535479
24	520	0.314579696690398
24	530	0.310931617679372
24	540	0.317261421306356
24	550	0.309932582572549
24	560	0.311595356496764
24	570	0.305561908873345
24	580	0.308263001379179
24	590	0.314092126577163
24	600	0.310729496946175
24	610	0.312040623071339
24	620	0.306700432104722
24	630	0.307077977662367
24	640	0.31329527989453
24	650	0.307695630129615
24	660	0.305773627542698
24	670	0.301774819491593
24	680	0.298442446546042
24	690	0.310936063189422
24	700	0.304269883739138
24	710	0.293849711545261
24	720	0.299603515901868
24	730	0.305328546896689
24	740	0.298677576326422
24	750	0.305272347340047
24	760	0.299449559437642
24	770	0.290412389901686
24	780	0.301123826124221
24	790	0.297378181961205
24	800	0.298126139753743
24	810	0.295778677168484
24	820	0.297160402684055
24	830	0.295165154867558
24	840	0.292905616605717
24	850	0.289776480060398
24	860	0.29354173365982
24	870	0.29928429958157
24	880	0.289425037936745
24	890	0.292052986330404
24	900	0.297123952353202
24	910	0.285259834111807
24	920	0.285976339544505
24	930	0.285089548608478
24	940	0.279282966232562
24	950	0.286436980059216
24	960	0.291894496328181
24	970	0.283304023744125
24	980	0.285605228386641
24	990	0.28242126792015
