# PSC, Per-sample counts. Note that the ref/het/hom counts include only SNPs, for indels see PSI. The rest include both SNPs and indels.
# PSC	[2]id	[3]sample	[4]nRefHom	[5]nNonRefHom	[6]nHets	[7]nTransitions	[8]nTransversions	[9]nIndels	[10]average depth	[11]nSingletons	[12]nHapRef	[13]nHapAlt	[14]nMissing
PSC	0	25_1	21165894	3741949	1101699	2521264	2320463	1056597	26.5	35492	0	0	1872356
PSC	0	30_1	21097944	3658199	1271636	2565569	2361970	1074746	27.4	47797	0	0	1834719
PSC	0	11_2	20720959	3151924	2407818	2894052	2660893	1219362	31.2	36424	0	0	1426198
PSC	0	13_2	21174537	3722857	1115128	2519465	2316545	1054541	25.6	52228	0	0	1874873
PSC	0	14_1	21036992	3586984	1509263	2653559	2439857	1110484	28.8	18496	0	0	1690092
PSC	0	23_1	21194358	3777516	1026454	2503274	2298885	1045270	25.2	11035	0	0	1894667
PSC	0	23_2	21113908	3652822	1275781	2565304	2360894	1078406	27.1	23794	0	0	1816813
PSC	0	31_2	21141828	3654068	1294394	2576856	2369192	1081873	29.8	28047	0	0	1761767
PSC	0	32_2	20964061	3423180	1772103	2705075	2486654	1137963	28.9	12697	0	0	1636653
PSC	0	33_1	21234948	3721143	1158417	2539765	2337646	1065618	29.7	39573	0	0	1756602
PSC	0	42_1	21161596	3742678	1148633	2549212	2339993	1068449	28.1	12666	0	0	1815667
PSC	0	43_2	21239282	3759162	1088758	2525172	2320731	1061494	30.2	20585	0	0	1788975
PSC	0	47_1	21180833	3770180	1124482	2549004	2343626	1065401	28.6	27763	0	0	1795367
PSC	0	49_2	21116406	3715885	1266291	2594745	2385094	1087143	29.5	31633	0	0	1746424
PSC	0	50_2	21182150	3771484	1087993	2530357	2327164	1058879	28.7	25058	0	0	1836341
PSC	0	51_2	21139794	3703590	1218299	2562478	2357144	1073491	28.6	30785	0	0	1801604
PSC	0	53_2	21211171	3771868	1053168	2512740	2310402	1052582	27.5	23998	0	0	1849047
PSC	0	55_2	21117595	3669679	1327457	2601404	2393182	1093141	29.8	33124	0	0	1726112
PSC	0	56_1	21196522	3727206	1189236	2560745	2353442	1075143	31.5	35853	0	0	1747852
PSC	0	58_2	20900097	3406502	1827977	2724931	2506111	1142627	26.5	16935	0	0	1656306
PSC	0	84_2	21014305	3582462	1484971	2637936	2426659	1110212	29.7	14239	0	0	1741319
PSC	0	94_1	21082596	3625480	1417791	2625628	2414993	1102515	30.7	22238	0	0	1706083
PSC	0	95_1	21185626	3740324	1180742	2563520	2355390	1075134	29.7	15611	0	0	1751911
PSC	0	117_1	20885890	3372638	1970239	2780193	2558860	1171880	32.4	27387	0	0	1530469
PSC	0	129_1	21118332	3676045	1331074	2608222	2396329	1091400	28.6	20703	0	0	1719050
PSC	0	70_2	20654398	3159105	2494235	2943404	2704941	1248034	37.0	27686	0	0	1366486
PSC	0	71_1	19652667	2806295	734734	1837399	1702863	691163	4.3	21189	0	0	5153916
PSC	0	72_1	20896339	3438728	1880117	2770240	2544687	1170592	34.8	21698	0	0	1541829
PSC	0	72_2	21197911	3716000	1281533	2602629	2392441	1096399	37.8	22181	0	0	1641013
PSC	0	75_1	21184250	3716355	1285131	2605438	2393635	1095671	34.6	35751	0	0	1650587
PSC	0	14_2	21059007	3660827	1372464	2621763	2409046	1093170	29.3	24428	0	0	1750589
PSC	0	17_1	20839964	3349938	1963342	2765449	2543912	1160028	27.7	12943	0	0	1619708
PSC	0	18_2	21130871	3668708	1329523	2601331	2394521	1086516	29.6	28972	0	0	1718746
PSC	0	21_2	20950188	3515572	1594313	2660334	2446508	1108119	24.7	20618	0	0	1769336
PSC	0	22_1	21161347	3663830	1266672	2566808	2361297	1072585	26.7	16689	0	0	1775214
PSC	0	38_2	21227720	3693422	1219192	2557683	2352586	1069425	28.2	26721	0	0	1729415
PSC	0	39_1	21177650	3733937	1217232	2578052	2370818	1077127	31.8	17969	0	0	1729875
PSC	0	39_2	21047656	3571394	1499882	2640206	2428165	1103446	29.5	17458	0	0	1715057
PSC	0	40_1	21156212	3694907	1194474	2546943	2340317	1062216	26.2	14305	0	0	1832282
PSC	0	40_2	21120285	3603634	1430067	2621316	2409784	1095244	29.8	17054	0	0	1687154
PSC	0	59_1	21234419	3763541	1077072	2520702	2318021	1056193	30.0	16509	0	0	1806522
PSC	0	59_2	21129741	3665167	1258322	2564702	2356516	1070450	26.3	17984	0	0	1816741
PSC	0	61_1	21156731	3665098	1295951	2583426	2375176	1078938	30.0	14934	0	0	1742490
PSC	0	62_2	21193508	3715806	1219430	2569993	2362959	1073571	32.1	23962	0	0	1736654
PSC	0	69_2	21224458	3761017	1070059	2515792	2313288	1053251	28.9	37912	0	0	1831302
PSC	0	Ho5_1	22473925	3289190	749744	2101724	1936350	873545	30.5	47561	0	0	1588173
PSC	0	Ho5_2	22454615	3274881	712539	2074663	1911903	860479	25.9	37555	0	0	1675438
PSC	0	iCab_F24	21520018	2388167	2684815	2637524	2432553	1093276	28.8	140195	0	0	1268756
PSC	0	iCab_2F2	21893201	2707805	2060020	2480272	2285160	1029744	34.2	175543	0	0	1268465
PSC	0	iCab_HD	21436906	2170685	1821082	2075230	1915221	783711	6.3	157031	0	0	2811540
PSC	0	66_1	21287685	3726260	1138476	2531048	2331751	1046948	32.4	17505	0	0	1733988
PSC	0	91_1	21340227	3759540	1008154	2480648	2285431	1020076	25.6	28300	0	0	1810506
PSC	0	104_1	21235552	3679562	1178551	2526683	2329388	1042466	25.1	14787	0	0	1800865
PSC	0	106_1	21148009	3558860	1488061	2626223	2418010	1086454	27.3	28954	0	0	1652237
PSC	0	106_2	21139120	3544422	1514093	2630843	2424820	1091539	27.9	20502	0	0	1643408
PSC	0	141_3	21277883	3701166	1159056	2527621	2330711	1040495	26.3	15609	0	0	1759292
PSC	0	4_1	21293246	3725513	1113388	2517032	2319888	1039299	29.3	39982	0	0	1763973
PSC	0	131_2	21344534	3796252	948818	2469158	2274439	1016141	26.6	16448	0	0	1831485
PSC	0	131_4	21262731	3731388	1132382	2531540	2330399	1043031	27.5	14235	0	0	1765604
PSC	0	133_2	21223020	3663763	1288261	2577286	2372523	1063299	28.5	34244	0	0	1694044
PSC	0	4_2	21188834	3607113	1360671	2583002	2382327	1068141	27.0	30598	0	0	1709384
PSC	0	5_1	21145194	3519151	1532048	2626209	2422218	1088367	26.4	31862	0	0	1650895
PSC	0	7_1	21348384	3748092	1030319	2485793	2290915	1027191	28.4	21937	0	0	1781544
PSC	0	7_2	21426449	3809080	944467	2473857	2278212	1017689	29.6	24403	0	0	1738198
PSC	0	8_2	21368135	3784715	966013	2471638	2277573	1017910	28.7	16500	0	0	1800245
PSC	0	11_1	21266560	3621666	1334264	2578336	2375200	1066133	28.4	25732	0	0	1644492
PSC	0	15_1	21315944	3730498	1067348	2494596	2301363	1030001	25.9	20493	0	0	1792161
PSC	0	15_2	21368400	3734240	1074241	2501261	2305478	1035472	30.3	37730	0	0	1722523
PSC	0	20_1	21316674	3682201	1219488	2551321	2348214	1052479	27.8	33377	0	0	1665492
PSC	0	10_1	21175565	3534197	1476027	2605249	2402312	1075549	24.6	33905	0	0	1674573
PSC	0	107_2	21379130	3796447	971012	2480502	2285462	1020933	28.2	30117	0	0	1768507
PSC	0	49_1	21171066	3577396	1364397	2568375	2370911	1062244	24.1	23860	0	0	1760532
PSC	0	69_1	21422390	3794955	960981	2474846	2279667	1018982	29.3	16135	0	0	1738191
PSC	0	79_2	21328267	3741668	1156902	2549147	2347607	1050692	33.1	19739	0	0	1654078
PSC	0	80_1	21149864	3529516	1483579	2605652	2404833	1080671	26.9	14722	0	0	1691160
PSC	0	110_2	21153973	3533101	1527145	2631177	2426255	1089501	27.6	20123	0	0	1629880
PSC	0	117_2	21263105	3681907	1260503	2571896	2368273	1065152	33.3	27925	0	0	1661534
PSC	0	123_2	21157810	3490276	1584569	2639590	2432353	1095305	28.5	34168	0	0	1604002
PSC	0	127_2	21331545	3738435	1024038	2477920	2282898	1022652	26.1	40042	0	0	1820912
PSC	0	131_1	16896222	4455948	3924062	4360701	4012931	1750172	26.9	3844142	0	0	1875620
PSC	0	134_2	21265374	3690074	1210565	2549211	2349363	1053519	28.3	25220	0	0	1712814
PSC	0	134_3	21383494	3716051	1113585	2512328	2315516	1038368	29.2	22025	0	0	1682685
PSC	0	135_1	21206325	3576237	1409260	2593363	2389594	1075778	28.1	27791	0	0	1664575
PSC	0	132_5	21298710	3765324	1038021	2498716	2302950	1031585	26.4	22644	0	0	1800156
PSC	0	134_1	21208384	3602822	1424439	2615252	2409370	1086106	29.2	19995	0	0	1608963
PSC	0	140_3	21223694	3697238	1189491	2542293	2342423	1051269	26.8	20747	0	0	1770786
PSC	0	136_2	21240733	3688438	1063781	2469618	2280846	1017478	20.7	20990	0	0	1931040
PSC	0	137_4	21312633	3807198	932680	2466585	2271947	1014619	24.6	23635	0	0	1868073
PSC	0	138_3	21250112	3762696	953394	2452124	2262569	1013194	21.5	18487	0	0	1959384
PSC	0	139_4	21062462	3543476	1540996	2645091	2436612	1095015	25.2	16870	0	0	1688266
PSC	0	140_1	21039903	3507738	1526594	2618646	2412870	1087595	22.5	18050	0	0	1770942
PSC	0	84_2-2	20956447	3531623	1506384	2621492	2413714	1097793	22.0	12742	0	0	1842878
PSC	0	89_1	21141268	3778872	1075871	2529626	2323208	1055700	24.8	50017	0	0	1883826
PSC	0	121_2	21050619	3603216	1388037	2598809	2389859	1087215	23.9	23790	0	0	1806324
PSC	0	125_1	20955171	3443722	1751564	2706047	2485888	1134220	26.9	33754	0	0	1643928
PSC	0	132_4_1	20948506	3427679	1770443	2705790	2488920	1135975	26.9	19279	0	0	1648375
PSC	0	135_2	21150390	3734033	1149993	2542366	2339601	1064024	26.6	20926	0	0	1834952
PSC	0	138_1	21019436	3569106	1631482	2707683	2489799	1141262	37.9	26317	0	0	1562835
PSC	0	141_3-2	21156879	3735999	1218555	2579546	2372867	1078024	27.9	14124	0	0	1744489
PSC	0	141_4	21194954	3739157	1175229	2559025	2353298	1072179	30.3	21185	0	0	1750124
PSC	0	KW_5	20740858	3231561	2235570	2845381	2617341	1198380	26.8	19291	0	0	1518476
PSC	0	KW_6	20658775	3166101	2388855	2892432	2657914	1214993	26.2	14780	0	0	1497257
PSC	0	KW_7	20698023	3269203	2221318	2858999	2627102	1203640	28.3	19296	0	0	1530976
PSC	0	29_1	21128101	3714320	1242443	2581994	2372415	1078777	27.9	43477	0	0	1768735
PSC	0	32_2-2	20827262	3383328	1951085	2777466	2553051	1167141	27.4	15069	0	0	1598307
PSC	0	34_2	21073883	3673466	1370236	2627615	2413622	1100657	31.2	44118	0	0	1711086
PSC	0	60_1	21150416	3771589	1112832	2543061	2339478	1060097	25.2	33033	0	0	1839367
PSC	0	68_1	21172052	3791750	1068753	2530917	2327663	1056777	26.2	36983	0	0	1844057
PSC	0	71_1-2	21035044	3616665	1483123	2655346	2441698	1112077	29.7	27508	0	0	1683132
PSC	0	80_2	21150620	3705684	1166456	2535357	2334695	1061042	24.5	16971	0	0	1852735
PSC	0	iCab_F25	21680086	2378337	2610891	2596253	2390173	1077199	26.5	180599	0	0	1204705
PSC	0	KW_1	20692343	3213293	2269956	2854278	2624528	1199998	26.3	17632	0	0	1549643
PSC	0	KW_2	20691182	3201115	2294496	2859927	2631063	1204378	25.8	15463	0	0	1534151
PSC	0	KW_3	20683278	3171443	2326365	2861721	2631441	1206636	24.3	15579	0	0	1537596
PSC	0	KW_4	20639430	3186539	2320157	2868051	2634167	1201049	24.0	13194	0	0	1581386
