scaffold,start,end,mid,sites,sitesUsed,ABBA,BABA,D,fd,fdM
1,1050001,1100000,1075868,1997,281,61.2256,2.7154,0.9151,0.4066,0.373
1,1650001,1700000,1675942,1304,323,49.8072,4.4037,0.8375,0.2887,0.2557
1,1700001,1750000,1723373,1703,149,34.8574,0.0556,0.9968,0.4643,0.4243
1,3000001,3050000,3026925,1282,152,13.6957,8.4002,0.2397,0.0802,0.0619
1,3350001,3400000,3370518,1324,259,40.7774,6.1468,0.738,0.2328,0.198
1,3400001,3450000,3426868,1298,388,82.4724,4.2999,0.9009,0.4714,0.4136
1,3650001,3700000,3676185,1687,246,40.5385,1.7143,0.9189,0.2316,0.226
1,3700001,3750000,3728812,1417,258,24.082,1.5794,0.8769,0.2114,0.1941
1,3750001,3800000,3772537,1000,344,55.3964,1.1746,0.9585,0.3416,0.3048
1,3800001,3850000,3823567,668,233,25.8175,3.169,0.7813,0.1703,0.1508
1,3850001,3900000,3877292,1617,217,40.6611,4.2262,0.8117,0.3621,0.3183
1,4050001,4100000,4072768,1373,160,11.9601,4.5952,0.4449,0.0942,0.0821
1,4100001,4150000,4124431,1299,445,87.0051,8.7826,0.8166,0.3351,0.2924
1,4500001,4550000,4524867,1550,460,119.0619,15.6033,0.7683,0.3874,0.3295
1,4650001,4700000,4674423,1423,334,68.655,4.9286,0.866,0.3856,0.346
1,5400001,5450000,5425929,1162,195,15.5186,8.379,0.2988,0.0728,0.0629
1,5800001,5850000,5831753,889,253,27.7886,4.0327,0.7465,0.1808,0.1656
1,5850001,5900000,5874140,1060,496,41.6675,6.8254,0.7185,0.1339,0.1223
1,5900001,5950000,5923721,861,421,26.915,1.6032,0.8876,0.1113,0.1051
1,5950001,6000000,5974631,972,387,39.6972,3.199,0.8509,0.1669,0.156
1,6000001,6050000,6026318,947,277,52.5612,0.0397,0.9985,0.3773,0.3616
1,6050001,6100000,6076364,1034,334,123.335,0.1429,0.9977,0.8109,0.7077
1,6100001,6150000,6125814,861,299,82.1016,0.1272,0.9969,0.7687,0.6518
1,6150001,6200000,6174688,914,304,76.3949,3.3651,0.9156,0.7391,0.6029
1,6200001,6250000,6223822,954,391,100.1335,0.5485,0.9891,0.746,0.6186
1,6250001,6300000,6275454,970,318,61.2527,8.6848,0.7516,0.5414,0.3833
1,6300001,6350000,6323452,1282,350,127.5652,3.4127,0.9479,0.7699,0.6097
1,6350001,6400000,6374530,724,253,52.4788,5.1429,0.8215,0.5665,0.4201
1,6400001,6450000,6425808,1150,233,38.6246,2.3413,0.8857,0.349,0.2984
1,6650001,6700000,6673197,913,189,52.0714,2.2143,0.9184,0.7269,0.5432
1,6700001,6750000,6726873,987,274,99.3582,2.0556,0.9595,0.7135,0.6301
1,6750001,6800000,6773432,1360,319,82.8681,8.0968,0.822,0.6018,0.5144
1,6800001,6850000,6825905,1125,259,56.9378,5.0284,0.8377,0.5416,0.4481
1,6900001,6950000,6925931,1068,116,7.4263,1.1032,0.7413,0.1115,0.1056
1,6950001,7000000,6976539,1243,420,38.1722,4.5849,0.7855,0.1584,0.1463
1,7000001,7050000,7025884,1141,343,48.6477,4.0273,0.8471,0.2692,0.2471
1,7050001,7100000,7073730,892,366,48.4444,2.0626,0.9183,0.279,0.2592
1,7100001,7150000,7126991,985,261,25.7776,1.1973,0.9112,0.2226,0.2085
1,7150001,7200000,7175606,898,132,18.0178,0.3413,0.9628,0.4181,0.3427
1,7200001,7250000,7223710,1319,211,26.3241,3.1825,0.7843,0.2782,0.2423
1,7250001,7300000,7276190,1086,368,41.4709,3.4987,0.8444,0.2934,0.261
1,7300001,7350000,7326521,1172,327,35.0131,3.1072,0.837,0.2702,0.2509
1,7350001,7400000,7376749,1182,304,39.8317,0.4127,0.9795,0.3804,0.3428
1,7400001,7450000,7426877,1976,618,230.0476,10.1429,0.9155,0.5698,0.5125
1,7450001,7500000,7474285,1843,216,82.5476,6.7937,0.8479,0.623,0.508
1,7650001,7700000,7675626,1915,520,207.0845,8.4603,0.9215,0.6169,0.5128
1,7700001,7750000,7723820,1820,690,276.221,9.6572,0.9324,0.6288,0.5386
1,7750001,7800000,7764661,1077,324,144.0851,1.3077,0.982,0.7083,0.626
1,8100001,8150000,8125150,1977,152,53.1207,1.0159,0.9625,0.6615,0.5935
1,8150001,8200000,8175065,1839,171,97.3872,1.0556,0.9786,0.7934,0.7383
1,8300001,8350000,8324583,1890,246,68.7381,5.6513,0.8481,0.5455,0.4503
1,8350001,8400000,8368199,1065,339,124.5714,1.8333,0.971,0.6491,0.5489
1,8400001,8450000,8424326,1997,510,267.5992,0.2586,0.9981,0.821,0.7287
1,8450001,8500000,8475569,1858,593,278.1506,2.5123,0.9821,0.7115,0.6519
1,8500001,8550000,8525218,2023,476,222.8556,4.2001,0.963,0.7289,0.6542
1,8550001,8600000,8575067,2132,330,162.2432,0.0397,0.9995,0.758,0.6961
1,8650001,8700000,8675390,1663,551,252.2903,6.5293,0.9495,0.7288,0.5894
1,8700001,8750000,8726679,2238,726,289.3561,8.8765,0.9405,0.7064,0.5421
1,8750001,8800000,8775864,2127,700,272.1559,10.1865,0.9278,0.7044,0.5509
1,8800001,8850000,8824756,1916,703,328.2361,9.3664,0.9445,0.7088,0.6312
1,8850001,8900000,8876121,2065,650,208.5958,3.0159,0.9715,0.4229,0.3967
1,8900001,8950000,8921178,2729,347,136.5382,3.1516,0.9549,0.705,0.6094
1,8950001,9000000,8974774,1704,635,192.0582,11.3808,0.8881,0.4094,0.3734
1,9150001,9200000,9175274,1819,248,108.7942,3.119,0.9443,0.6777,0.5699
1,9200001,9250000,9224418,2078,716,348.7642,2.2867,0.987,0.7023,0.6542
1,9250001,9300000,9274430,1926,706,339.8503,3.1586,0.9816,0.7179,0.6705
1,9300001,9350000,9326780,2130,904,319.9171,9.6654,0.9413,0.5832,0.5371
1,9350001,9400000,9373998,2255,732,170.9285,14.0593,0.848,0.3941,0.3563
1,9450001,9500000,9473914,2008,726,304.5683,6.6349,0.9574,0.6433,0.5873
1,9500001,9550000,9524852,1873,725,246.9771,10.1547,0.921,0.5426,0.4754
1,9550001,9600000,9573982,1647,568,189.1654,9.4819,0.9045,0.5311,0.4745
1,9600001,9650000,9624635,1617,632,210.4289,16.4572,0.8549,0.6116,0.5278
1,9650001,9700000,9673052,1447,596,263.1607,5.0797,0.9621,0.675,0.6013
1,9700001,9750000,9725327,1784,654,221.9075,9.3099,0.9195,0.481,0.4336
1,9750001,9800000,9776025,1918,140,72.246,0.0397,0.9989,0.7427,0.7131
1,10000001,10050000,10027269,1762,453,184.0545,1.4071,0.9848,0.6351,0.5621
1,10050001,10100000,10074537,1688,498,191.3646,12.127,0.8808,0.6221,0.5461
1,10100001,10150000,10125947,1828,645,212.6027,16.0013,0.86,0.5549,0.4704
1,10150001,10200000,10174389,1509,629,243.1386,8.7695,0.9304,0.6435,0.5443
1,10200001,10250000,10225268,1449,623,322.6225,0.1587,0.999,0.7293,0.6813
1,10250001,10300000,10274303,1449,702,298.9158,2.5169,0.9833,0.7419,0.6598
1,10300001,10350000,10324937,1996,656,243.6438,12.3812,0.9033,0.633,0.5449
1,10350001,10400000,10374026,1817,702,288.163,8.4849,0.9428,0.7059,0.603
1,10400001,10450000,10425069,1945,309,86.6514,3.9762,0.9123,0.5319,0.4151
1,10600001,10650000,10624523,1949,368,38.5963,7.9603,0.658,0.1198,0.1095
1,10650001,10700000,10675153,2177,792,237.5116,17.0106,0.8663,0.4387,0.3738
1,10700001,10750000,10726478,1893,465,196.0983,5.9567,0.941,0.6601,0.5711
1,10750001,10800000,10771551,2184,510,268.2439,1.6508,0.9878,0.7634,0.684
1,10800001,10850000,10824464,1775,422,232.3365,1.1685,0.99,0.7748,0.6911
1,10850001,10900000,10874612,1877,448,213.6656,1.9444,0.982,0.7113,0.6507
1,10900001,10950000,10923543,1772,553,275.1998,3.1746,0.9772,0.7561,0.6835
1,10950001,11000000,10973147,2396,542,175.6383,11.7942,0.8742,0.5785,0.46
1,11000001,11050000,11025190,1835,618,253.1936,6.8893,0.947,0.7288,0.6257
1,11050001,11100000,11076058,2010,692,341.8776,3.8078,0.978,0.7626,0.676
1,11100001,11150000,11124612,1897,638,235.5719,16.0502,0.8724,0.6379,0.5156
1,11150001,11200000,11173800,1898,541,217.6299,6.2698,0.944,0.7117,0.6158
1,11200001,11250000,11224901,2056,594,244.7111,12.7686,0.9008,0.6864,0.5663
1,11500001,11550000,11526201,2012,356,101.928,3.9841,0.9248,0.533,0.473
1,11550001,11600000,11574806,2224,727,280.2248,4.119,0.971,0.6746,0.594
1,11600001,11650000,11624840,2405,668,260.3225,2.1701,0.9835,0.78,0.6519
1,11650001,11700000,11675343,2278,772,344.6445,1.881,0.9891,0.7688,0.6924
1,11700001,11750000,11723928,1923,715,297.9798,3.2175,0.9786,0.7274,0.6416
1,11750001,11800000,11774708,1900,260,133.5,0.0476,0.9993,0.8477,0.7828
1,12150001,12200000,12173975,2448,290,89.1663,10.0242,0.7979,0.5663,0.4782
1,12200001,12250000,12229334,1489,393,124.4528,15.6258,0.7769,0.5452,0.457
1,12250001,12300000,12275016,1998,614,170.1153,17.855,0.81,0.5511,0.4625
1,12300001,12350000,12327185,2102,622,209.4082,13.0397,0.8828,0.6389,0.5277
1,12350001,12400000,12375543,1561,623,195.7906,19.1551,0.8218,0.5587,0.4713
1,12500001,12550000,12523884,1676,368,144.7689,4.1919,0.9437,0.6748,0.5946
1,12700001,12750000,12725693,1871,351,151.5733,1.5873,0.9793,0.7227,0.6321
1,12750001,12800000,12775461,1729,620,236.7093,4.8175,0.9601,0.6664,0.5713
1,12800001,12850000,12825751,1807,535,248.9258,3.4717,0.9725,0.6846,0.5978
1,12850001,12900000,12873774,1927,849,350.1175,10.1048,0.9439,0.6392,0.5663
1,12900001,12950000,12925140,1987,805,275.3867,18.0684,0.8769,0.6178,0.5135
1,12950001,13000000,12953338,252,106,49.3919,0.5397,0.9784,0.8055,0.7187
1,13500001,13550000,13518594,1354,419,173.9913,11.2144,0.8789,0.8175,0.635
1,13550001,13600000,13576856,966,339,131.5163,14.1902,0.8052,0.7555,0.5652
1,13600001,13650000,13626150,1804,204,75.2651,3.2619,0.9169,0.6399,0.5506
1,13850001,13900000,13875205,1646,421,180.5452,1.4603,0.984,0.7012,0.631
1,13900001,13950000,13924907,1833,687,328.1022,3.0794,0.9814,0.7056,0.6532
1,13950001,14000000,13975022,1849,680,285.3384,2.81,0.9805,0.6743,0.6341
1,14000001,14050000,14025388,2009,750,274.6353,3.1418,0.9774,0.6537,0.6156
1,14050001,14100000,14075602,1953,693,228.6805,13.9639,0.8849,0.6429,0.5483
1,14100001,14150000,14126170,1778,747,251.0844,4.1388,0.9676,0.704,0.5987
1,14150001,14200000,14174809,1971,749,275.6784,7.3302,0.9482,0.7102,0.5591
1,14200001,14250000,14226795,2579,622,58.9181,19.8188,0.4966,0.1002,0.0833
1,14250001,14300000,14273742,2285,262,111.6238,1.1032,0.9804,0.7238,0.6275
1,14300001,14350000,14325328,2226,858,362.1626,2.8814,0.9842,0.7531,0.6852
1,14350001,14400000,14374832,2137,784,332.0963,2.2143,0.9868,0.7326,0.6575
1,14400001,14450000,14424008,2144,814,363.5331,2.516,0.9863,0.79,0.7033
1,14450001,14500000,14474203,2165,729,266.7536,5.8018,0.9574,0.6829,0.5908
1,14500001,14550000,14525752,1811,842,307.428,6.1906,0.9605,0.7032,0.6039
1,14550001,14600000,14574415,1837,876,318.2551,1.7163,0.9893,0.6997,0.618
1,14600001,14650000,14625516,1715,750,232.4231,7.6958,0.9359,0.6433,0.5248
1,14650001,14700000,14676461,1964,735,238.9321,11.0057,0.9119,0.5966,0.5103
1,14700001,14750000,14723974,2243,237,96.9772,7.3938,0.8583,0.6578,0.5724
1,14750001,14800000,14775378,2129,284,87.1032,4.8016,0.8955,0.6912,0.5819
1,14800001,14850000,14824371,2221,162,55.1284,2.3373,0.9187,0.6343,0.5252
1,14900001,14950000,14925267,1999,151,37.8333,6.7725,0.6963,0.5452,0.4331
1,14950001,15000000,14968469,1290,500,148.3075,7.5483,0.9031,0.6247,0.5165
1,15000001,15050000,15038663,674,157,28.4074,3.4413,0.7839,0.4796,0.3516
1,15050001,15100000,15066326,841,228,65.0046,11.0578,0.7092,0.4738,0.3732
1,15400001,15450000,15423518,1870,222,73.1646,1.8254,0.9513,0.5638,0.4895
1,15450001,15500000,15476456,1801,731,239.08,4.8135,0.9605,0.5985,0.5346
1,15500001,15550000,15527123,1899,602,266.9655,0.9048,0.9932,0.7746,0.7112
1,15550001,15600000,15572203,2441,625,266.8729,1.6112,0.988,0.8063,0.7381
1,15600001,15650000,15630065,2243,427,169.4607,3.0462,0.9647,0.7464,0.6801
1,15650001,15700000,15676225,2144,613,278.9404,1.6066,0.9885,0.8163,0.7483
1,15700001,15750000,15724652,2202,731,270.594,3.0456,0.9777,0.7051,0.643
1,15750001,15800000,15772525,1904,728,324.7586,3.5873,0.9781,0.8033,0.7299
1,15800001,15850000,15825829,1822,689,335.6089,0.8651,0.9949,0.83,0.7559
1,15850001,15900000,15874900,2208,738,259.6739,12.3752,0.909,0.6777,0.5953
1,16150001,16200000,16175542,2024,378,143.0967,0.8016,0.9889,0.7791,0.7108
1,16200001,16250000,16226322,2479,261,90.7972,2.7912,0.9404,0.7038,0.615
1,16250001,16300000,16258680,812,252,49.5372,5.1312,0.8123,0.4293,0.3577
1,16650001,16700000,16670783,1754,612,151.7825,10.9859,0.865,0.4882,0.4142
1,16950001,17000000,16976400,1727,512,185.5077,4.9295,0.9482,0.7341,0.6019
1,17000001,17050000,17025132,1563,653,202.642,17.0672,0.8446,0.6425,0.5146
1,17050001,17100000,17074290,1873,672,265.3042,14.873,0.8938,0.7182,0.6084
1,17100001,17150000,17124487,1758,515,190.6756,17.8574,0.8287,0.641,0.5376
1,17150001,17200000,17173936,1788,344,140.7545,1.9603,0.9725,0.702,0.6479
1,17900001,17950000,17925967,1920,853,281.5239,12.0632,0.9178,0.5991,0.5358
1,17950001,18000000,17975716,2019,592,220.4957,8.5397,0.9254,0.6738,0.5782
1,18000001,18050000,18024766,2412,682,218.2187,21.0639,0.8239,0.5671,0.4735
1,18050001,18100000,18076178,2316,412,132.9131,14.8248,0.7993,0.6035,0.5175
1,18100001,18150000,18124794,1995,720,280.4504,6.8455,0.9523,0.708,0.6213
1,18150001,18200000,18175911,2077,819,343.4011,9.627,0.9455,0.7601,0.6641
1,18200001,18250000,18224707,2186,673,222.8078,8.1429,0.9295,0.6436,0.5623
1,18250001,18300000,18274650,1847,643,251.1102,3.3094,0.974,0.7563,0.6505
1,18300001,18350000,18325565,2146,645,319.8885,1.0159,0.9937,0.8851,0.7959
1,18350001,18400000,18374929,2060,723,291.8975,1.9361,0.9868,0.8057,0.716
1,18400001,18450000,18424643,1681,769,297.7833,0.6946,0.9953,0.8102,0.7052
1,18450001,18500000,18474087,1974,673,301.9363,0.4324,0.9971,0.8224,0.7463
1,18500001,18550000,18524966,1903,676,268.9663,7.8968,0.943,0.7672,0.6547
1,18550001,18600000,18575129,1988,710,248.9105,11.246,0.9135,0.7098,0.6012
1,18600001,18650000,18625520,1645,452,168.0174,1.2778,0.9849,0.7913,0.6834
1,19200001,19250000,19226151,2050,185,76.2363,1.2857,0.9668,0.7982,0.6483
1,19250001,19300000,19274622,1891,118,71.0238,0.0952,0.9973,0.9438,0.8321
1,19300001,19350000,19322806,2070,448,238.2222,0.6907,0.9942,0.9267,0.814
1,19350001,19400000,19374228,1731,552,293.7215,0.6286,0.9957,0.9082,0.8303
1,19400001,19450000,19424973,1709,814,385.5985,4.4744,0.9771,0.8945,0.7373
1,19450001,19500000,19475184,1888,535,271.9433,1.6825,0.9877,0.9055,0.7477
1,20000001,20050000,20025843,2216,574,146.6582,13.344,0.8332,0.6567,0.3894
1,20050001,20100000,20077429,2120,403,100.5084,16.7698,0.714,0.5868,0.338
1,20100001,20150000,20126344,1845,455,160.9013,4.2631,0.9484,0.6809,0.5539
1,20150001,20200000,20173296,2334,397,143.4651,12.3674,0.8413,0.7186,0.529
1,20200001,20250000,20223988,2317,568,197.0888,14.3987,0.8638,0.6867,0.5752
1,20250001,20300000,20275035,2048,562,182.0942,17.7279,0.8226,0.6712,0.5444
1,20300001,20350000,20324706,1657,651,340.9034,2.5397,0.9852,0.9137,0.7891
1,20350001,20400000,20375297,1823,733,392.2493,1.6667,0.9915,0.9364,0.846
1,20400001,20450000,20424787,2101,523,231.6309,22.1984,0.8251,0.7909,0.6774
1,20450001,20500000,20474760,2086,409,195.2024,9.0476,0.9114,0.8162,0.7239
1,20500001,20550000,20525568,2348,466,245.4105,0.8577,0.993,0.9029,0.7704
1,20550001,20600000,20575049,2163,399,186.7066,8.4121,0.9138,0.8127,0.6706
1,20600001,20650000,20621067,2079,437,237.6107,5.4841,0.9549,0.9084,0.7952
1,20650001,20700000,20676994,1909,625,343.5808,0.1905,0.9989,0.9236,0.8119
1,20700001,20750000,20725891,2183,772,336.7841,5.4127,0.9684,0.7692,0.6481
1,20750001,20800000,20774278,2456,671,264.0439,10.9524,0.9203,0.6491,0.5515
1,20800001,20850000,20823508,2062,631,237.9841,7.135,0.9418,0.6431,0.5367
1,20850001,20900000,20874322,1722,629,287.5911,2.9127,0.9799,0.7815,0.6705
1,20900001,20950000,20924820,2056,644,259.6743,8.1746,0.939,0.6486,0.5743
1,20950001,21000000,20975669,2161,114,47.8003,3.1905,0.8749,0.82,0.7068
1,21000001,21050000,21025082,2089,762,332.9619,6.9092,0.9593,0.7596,0.6505
1,21050001,21100000,21074646,1829,606,275.4219,2.2712,0.9836,0.7336,0.6684
1,21100001,21150000,21124556,1744,597,285.5789,1.904,0.9868,0.7626,0.6808
1,21150001,21200000,21178405,1851,160,71.8396,0.3889,0.9892,0.8165,0.7231
1,21250001,21300000,21273427,1791,511,245.5472,0.3414,0.9972,0.9073,0.7972
1,21300001,21350000,21324507,1940,651,288.1252,2.7559,0.9811,0.8225,0.7134
1,21350001,21400000,21374782,1799,366,153.6221,4.5885,0.942,0.7833,0.6138
1,21400001,21450000,21425358,1864,468,213.0376,6.5635,0.9402,0.8333,0.7136
1,21450001,21500000,21476039,1961,244,119.1746,0.0079,0.9999,0.8696,0.7736
1,21500001,21550000,21523850,2319,261,133.1633,0.8273,0.9877,0.8692,0.758
1,21550001,21600000,21573567,2500,389,169.5572,1.0,0.9883,0.8394,0.7409
1,21600001,21650000,21624209,1999,605,300.9679,2.3095,0.9848,0.8765,0.7797
1,21650001,21700000,21675585,1960,479,202.0722,9.5556,0.9097,0.7689,0.6798
1,21750001,21800000,21768884,1461,428,151.4954,1.0489,0.9862,0.7374,0.6466
1,21800001,21850000,21825528,2063,821,396.1846,1.5443,0.9922,0.838,0.7638
1,21850001,21900000,21873841,2020,905,299.7838,5.77,0.9622,0.6484,0.5806
1,21900001,21950000,21925496,1978,856,289.8595,6.5238,0.956,0.6084,0.5453
1,21950001,22000000,21973783,2289,469,155.9498,9.8484,0.8812,0.5496,0.4519
1,22000001,22050000,22025883,1995,516,196.7501,6.5873,0.9352,0.61,0.5259
1,22250001,22300000,22274576,2028,539,225.1142,2.2857,0.9799,0.7299,0.652
1,22300001,22350000,22323919,1924,700,292.1934,2.0079,0.9863,0.6978,0.6411
1,22350001,22400000,22374404,2063,678,242.754,21.8313,0.835,0.6651,0.5456
1,22400001,22450000,22424266,2237,610,196.3415,9.506,0.9076,0.6229,0.524
1,22450001,22500000,22477391,3183,279,107.2694,3.6032,0.935,0.7324,0.599
1,22700001,22750000,22726285,2051,796,288.6081,6.0893,0.9587,0.6146,0.5338
1,23100001,23150000,23124539,2120,601,289.1538,1.4366,0.9901,0.8014,0.7363
1,23150001,23200000,23173929,2222,610,278.9351,2.8594,0.9797,0.7379,0.6643
1,24150001,24200000,24176268,2311,440,164.3178,13.0298,0.8531,0.6437,0.5253
1,24350001,24400000,24374438,1925,442,125.6687,17.6607,0.7536,0.5135,0.413
1,24400001,24450000,24427174,1934,173,61.8095,3.2937,0.8988,0.6336,0.5541
1,24550001,24600000,24576072,2010,379,113.8381,10.7937,0.8268,0.4749,0.3931
1,24600001,24650000,24625735,1886,548,222.8293,14.4352,0.8783,0.6847,0.5854
1,24650001,24700000,24673002,1748,418,175.018,2.1298,0.976,0.7125,0.6124
1,24700001,24750000,24725506,1968,133,55.1032,0.4722,0.983,0.7404,0.6267
1,24850001,24900000,24877337,1887,247,123.4858,0.4921,0.9921,0.8379,0.7231
1,24900001,24950000,24923101,1975,309,127.9675,8.1827,0.8798,0.772,0.6327
1,24950001,25000000,24975473,2132,280,85.1443,4.9526,0.8901,0.6401,0.4865
1,25250001,25300000,25275464,2207,149,46.4615,13.0288,0.562,0.517,0.3606
1,25300001,25350000,25324133,1983,131,46.3462,7.9921,0.7058,0.6062,0.4963
1,26050001,26100000,26071872,1899,189,87.945,0.9127,0.9795,0.7514,0.6199
1,26250001,26300000,26270667,2160,323,157.7689,1.0635,0.9866,0.7373,0.6855
1,26350001,26400000,26377618,1661,236,132.0714,2.5242,0.9625,0.742,0.6803
1,26400001,26450000,26417066,1798,110,64.8105,0.2143,0.9934,0.8336,0.8108
1,26600001,26650000,26625543,2146,354,187.0509,2.3254,0.9754,0.8412,0.7735
1,26650001,26700000,26672556,2500,118,67.9742,1.8016,0.9484,0.8357,0.7427
1,26700001,26750000,26725457,2198,414,209.5725,6.2381,0.9422,0.7624,0.6738
1,26750001,26800000,26770595,2174,521,262.4841,3.9957,0.97,0.8141,0.7284
1,26800001,26850000,26824656,2003,614,310.0102,4.0272,0.9744,0.8099,0.7157
1,26850001,26900000,26874414,1715,606,337.7567,4.6372,0.9729,0.8402,0.7649
1,26900001,26950000,26925342,2071,465,275.5813,4.1032,0.9707,0.8652,0.7919
1,26950001,27000000,26974771,1961,405,231.7234,0.1984,0.9983,0.8789,0.8078
1,27000001,27050000,27025667,2345,525,259.7399,1.8934,0.9855,0.7654,0.6974
1,27050001,27100000,27073156,1871,363,196.5684,0.0635,0.9994,0.811,0.7461
1,27100001,27150000,27124251,2201,258,128.2335,1.1032,0.9829,0.7213,0.6746
1,27400001,27450000,27429283,931,265,107.5303,1.5159,0.9722,0.7359,0.6109
1,27750001,27800000,27775184,2129,204,89.1077,0.0476,0.9989,0.805,0.7441
1,27800001,27850000,27826928,2096,375,153.8593,0.0,1.0,0.7687,0.7687
1,27950001,28000000,27975032,1987,343,126.564,0.0,1.0,0.7726,0.7726
1,28000001,28050000,28023461,2032,273,79.0693,0.0,1.0,0.709,0.709
1,28050001,28100000,28076014,2674,382,91.1536,0.0,1.0,0.4242,0.4242
1,28100001,28150000,28124970,3101,456,109.8812,0.0,1.0,0.4858,0.4858
1,28500001,28550000,28526137,1846,425,231.4327,6.0317,0.9492,0.8924,0.7613
1,28550001,28600000,28574471,1944,497,256.1863,1.5726,0.9878,0.8517,0.7573
1,28600001,28650000,28626458,2175,445,245.2636,1.8254,0.9852,0.85,0.7851
1,28650001,28700000,28675968,1772,336,162.4966,3.0637,0.963,0.8503,0.7328
1,29000001,29050000,29025102,1830,336,130.7071,6.2143,0.9092,0.6589,0.5433
1,29250001,29300000,29274744,2069,217,142.3016,0.9206,0.9871,0.9181,0.8159
1,29950001,30000000,29975286,1871,393,207.6368,1.2963,0.9876,0.9199,0.8097
1,30000001,30050000,30028227,2408,144,88.8651,0.1984,0.9955,0.9591,0.8395
1,30050001,30100000,30075532,2200,259,143.8209,0.4444,0.9938,0.8259,0.7433
1,30100001,30150000,30121988,2574,270,176.7834,0.3619,0.9959,0.9797,0.855
1,30150001,30200000,30176501,1901,488,214.0615,3.5714,0.9672,0.7675,0.6116
1,30200001,30250000,30224062,2281,231,110.2459,1.286,0.9769,0.7618,0.6399
1,30250001,30300000,30274296,2610,271,153.1137,1.5051,0.9805,0.926,0.7704
1,30300001,30350000,30326953,2246,247,150.4198,1.3164,0.9826,0.9113,0.8424
1,30350001,30400000,30374404,2089,491,284.3844,2.2048,0.9846,0.8387,0.7623
1,30400001,30450000,30425379,2122,441,252.5316,0.0328,0.9997,0.8732,0.7961
1,30450001,30500000,30474367,1706,399,233.1295,2.3492,0.98,0.8154,0.7485
1,30500001,30550000,30525506,2148,313,186.8466,2.2143,0.9766,0.9056,0.8114
1,30550001,30600000,30574467,1994,305,152.0961,1.0952,0.9857,0.7562,0.6718
1,30650001,30700000,30675688,1877,467,282.7222,2.0882,0.9853,0.8556,0.7557
1,30700001,30750000,30726912,1864,574,283.2804,1.6349,0.9885,0.8634,0.7188
1,30750001,30800000,30775702,1686,465,135.5211,3.2224,0.9535,0.4884,0.4387
1,30800001,30850000,30821630,974,346,41.2715,7.7715,0.6831,0.176,0.1587
1,30850001,30900000,30879321,1132,307,24.812,4.5397,0.6907,0.1161,0.1064
1,30900001,30950000,30922723,983,282,33.101,6.6884,0.6638,0.1869,0.1683
1,30950001,31000000,30977262,754,182,22.6267,4.0079,0.699,0.2272,0.2
1,31000001,31050000,31024839,968,228,26.754,3.6412,0.7604,0.2324,0.1893
1,31050001,31100000,31076058,906,212,22.8662,4.8149,0.6521,0.1509,0.1376
1,31100001,31150000,31125763,1299,342,50.9434,3.1115,0.8849,0.2703,0.2463
1,31150001,31200000,31171835,1411,201,26.1234,5.1166,0.6724,0.2435,0.2114
1,31200001,31250000,31228202,1720,121,15.7096,0.7381,0.9102,0.2533,0.2355
1,31250001,31300000,31273428,1889,522,59.1035,9.2607,0.7291,0.1671,0.1573
1,31300001,31350000,31320856,1016,164,19.4247,1.746,0.8351,0.217,0.1993
1,31350001,31400000,31372951,559,111,3.6773,1.6863,0.3712,0.101,0.0545
1,31400001,31450000,31426147,1469,225,7.7403,7.7296,0.0007,0.0004,0.0001
1,31450001,31500000,31473189,1114,145,23.8465,2.6825,0.7978,0.5453,0.3934
1,31600001,31650000,31621659,828,188,37.3185,0.9767,0.949,0.6497,0.5478
1,31650001,31700000,31670977,1137,148,31.9415,0.7376,0.9549,0.6343,0.5312
1,31700001,31750000,31723433,730,277,42.4657,0.879,0.9594,0.4569,0.3988
1,31750001,31800000,31771322,605,171,18.6323,1.2512,0.8741,0.3445,0.2992
1,31800001,31850000,31828512,956,189,27.9517,0.7222,0.9496,0.4637,0.3726
1,31850001,31900000,31867313,1067,147,23.7184,0.127,0.9893,0.4279,0.3981
1,32100001,32150000,32122647,1101,228,5.9524,9.1579,-0.2121,-0.033,-0.0256
1,32950001,33000000,32975372,1228,215,26.6109,0.5095,0.9624,0.2672,0.2558
1,33000001,33050000,33025780,1182,335,50.2112,3.3451,0.8751,0.2912,0.2585
1,33050001,33100000,33079567,1551,204,17.9112,3.6506,0.6614,0.1188,0.111
1,33100001,33150000,33124884,1414,167,22.0138,1.4635,0.8753,0.3211,0.29
1,33150001,33200000,33171158,1112,312,33.7743,3.8415,0.7957,0.2244,0.2
1,33200001,33250000,33225042,1044,440,50.3038,5.6508,0.798,0.2029,0.1907
1,33250001,33300000,33276986,1203,248,21.8871,6.1374,0.562,0.1512,0.1269
1,33300001,33350000,33324983,1317,198,22.3651,4.722,0.6513,0.1855,0.1589
1,33350001,33400000,33376125,1468,248,25.9766,1.7627,0.8729,0.2717,0.2383
1,33400001,33450000,33426238,1359,228,24.8952,6.5873,0.5815,0.1993,0.1677
1,33700001,33750000,33726343,1279,111,28.0265,1.0,0.9311,0.5082,0.4898
1,33750001,33800000,33775525,1155,302,65.7906,2.6976,0.9212,0.5376,0.4308
1,33800001,33850000,33821506,959,141,31.8439,3.4479,0.8046,0.5394,0.4371
1,33900001,33950000,33925050,1610,119,28.6096,1.2143,0.9186,0.579,0.5122
1,33950001,34000000,33972012,1354,116,26.6735,3.5065,0.7676,0.494,0.3824
1,34000001,34050000,34024888,930,183,35.8728,2.4432,0.8725,0.4109,0.3492
1,34050001,34100000,34075795,1140,151,33.1508,5.0388,0.7361,0.4946,0.38
1,34100001,34150000,34126016,1639,110,30.5887,3.9676,0.7704,0.5657,0.4273
1,34150001,34200000,34176094,1153,148,32.1811,4.5397,0.7527,0.5543,0.4306
1,34200001,34250000,34224563,1624,232,65.3862,4.1746,0.88,0.5917,0.4699
1,34250001,34300000,34276035,1389,247,69.9215,1.246,0.965,0.5976,0.512
1,35450001,35500000,35475476,1447,293,71.3285,3.5476,0.9052,0.4593,0.4058
1,35500001,35550000,35523065,1480,314,47.7621,2.7865,0.8897,0.3098,0.2838
1,35550001,35600000,35577896,1291,229,25.7035,1.0086,0.9245,0.2726,0.2367
1,35600001,35650000,35621606,1305,162,30.081,1.2581,0.9197,0.3873,0.3574
1,35650001,35700000,35674493,1211,181,34.0785,2.527,0.8619,0.3465,0.3174
1,35700001,35750000,35728796,1900,105,19.6276,1.9444,0.8197,0.4023,0.3595
