scaffold,start,end,mid,sites,sitesUsed,ABBA,BABA,D,fd,fdM
19,350001,400000,370506,2254,170,10.7054,2.892,0.5746,0.1262,0.1138
19,400001,450000,426965,2304,704,52.1276,15.9366,0.5317,0.101,0.0892
19,450001,500000,475056,1833,379,28.0829,4.4127,0.7284,0.1119,0.1053
19,1850001,1900000,1874906,2471,541,26.7069,18.8623,0.1721,0.0245,0.0208
19,1900001,1950000,1925779,2146,737,13.1689,9.6527,0.1541,0.0087,0.0075
19,1950001,2000000,1975103,2354,773,27.045,19.0061,0.1746,0.0195,0.0158
19,2250001,2300000,2275460,3196,771,67.6332,9.7423,0.7482,0.1763,0.1394
19,2300001,2350000,2322736,2312,922,66.353,17.2085,0.5881,0.0924,0.084
19,2650001,2700000,2673906,2335,187,10.019,0.381,0.9267,0.082,0.0791
19,3250001,3300000,3274925,2431,401,33.5232,13.8411,0.4155,0.0914,0.078
19,3300001,3350000,3324435,2098,714,55.7223,17.2541,0.5271,0.0866,0.0777
19,3350001,3400000,3376103,2222,659,61.9921,11.6537,0.6835,0.109,0.1003
19,3400001,3450000,3423860,2077,537,30.963,11.4849,0.4589,0.0537,0.0486
19,3450001,3500000,3477595,1970,492,42.9476,22.4575,0.3133,0.0644,0.0566
19,3500001,3550000,3525076,2387,583,55.5184,11.3813,0.6597,0.1198,0.1049
19,3550001,3600000,3575746,2328,142,18.4524,3.2147,0.7033,0.1413,0.1291
19,3900001,3950000,3925737,2002,670,36.687,16.0873,0.3903,0.053,0.0446
19,3950001,4000000,3976039,2234,721,49.7935,22.6422,0.3748,0.0618,0.0532
19,4000001,4050000,4025610,2327,722,44.6894,18.8414,0.4069,0.0644,0.0537
19,4050001,4100000,4075090,2213,749,89.847,24.7582,0.5679,0.1491,0.1227
19,4100001,4150000,4124685,1918,597,57.5444,17.8803,0.5259,0.1158,0.0992
19,4150001,4200000,4174174,1960,164,14.5216,2.7364,0.6829,0.1291,0.1146
19,4550001,4600000,4574021,1907,426,35.1517,7.5626,0.6459,0.0926,0.0881
19,4600001,4650000,4626125,2181,357,25.7757,9.1667,0.4753,0.0708,0.0653
19,4650001,4700000,4674912,2250,190,18.0421,11.0397,0.2408,0.0589,0.0519
19,4700001,4750000,4725394,2338,361,26.2912,12.5329,0.3544,0.0644,0.0543
19,5300001,5350000,5323424,2462,617,111.9127,14.247,0.7741,0.2053,0.1864
19,5350001,5400000,5374821,2158,309,90.4578,8.2302,0.8332,0.3457,0.3008
19,5600001,5650000,5624146,1938,311,15.1186,8.3889,0.2863,0.0303,0.0282
19,5950001,6000000,5975101,1902,123,8.4683,4.0,0.3584,0.0456,0.0434
19,6000001,6050000,6025228,2047,613,19.9711,11.2811,0.2781,0.0206,0.0184
19,6050001,6100000,6075306,1930,422,24.5069,10.8973,0.3844,0.0517,0.0453
19,6100001,6150000,6126163,2142,173,10.7137,3.0,0.5625,0.0577,0.0533
19,6200001,6250000,6223592,2037,205,7.2778,7.2222,0.0038,0.0004,0.0004
19,6250001,6300000,6274321,2105,560,35.8976,19.4305,0.2976,0.0458,0.0415
19,6300001,6350000,6326278,2072,615,43.254,22.0214,0.3253,0.0534,0.0472
19,6350001,6400000,6374316,2066,580,24.3175,13.8571,0.274,0.0284,0.0252
19,6850001,6900000,6877286,1203,163,38.9935,4.1032,0.8096,0.4177,0.3767
19,6950001,7000000,6973397,1769,668,67.9613,18.5176,0.5717,0.1622,0.1356
19,7000001,7050000,7027256,2978,183,28.8443,3.1599,0.8025,0.2728,0.2411
19,7300001,7350000,7322332,2190,260,50.8917,3.5317,0.8702,0.3293,0.2991
19,7350001,7400000,7375506,1681,644,101.9554,13.4395,0.7671,0.277,0.2366
19,7400001,7450000,7423485,1366,597,84.2749,5.956,0.868,0.2931,0.2614
19,7450001,7500000,7478827,1668,627,68.0068,3.3812,0.9053,0.2109,0.1902
19,7500001,7550000,7524817,1361,600,56.276,8.754,0.7308,0.159,0.1452
19,7550001,7600000,7574377,1289,471,44.8396,5.6053,0.7778,0.2218,0.1852
19,7600001,7650000,7625694,871,312,13.0204,6.9839,0.3018,0.0703,0.0484
19,7650001,7700000,7676691,1378,407,21.8787,7.2077,0.5044,0.1275,0.0848
19,8450001,8500000,8476479,1059,465,36.4117,7.3088,0.6657,0.1728,0.1445
19,8500001,8550000,8529348,954,293,17.3111,4.9881,0.5526,0.127,0.0966
19,8550001,8600000,8572288,1035,185,14.1421,3.5375,0.5998,0.2036,0.1525
19,8600001,8650000,8624223,720,237,13.469,3.4051,0.5964,0.1972,0.1484
19,8650001,8700000,8681061,769,149,8.0,3.3556,0.409,0.1475,0.0911
19,8700001,8750000,8725985,837,263,20.5335,5.1299,0.6002,0.239,0.1625
19,8750001,8800000,8774198,689,270,24.4407,3.1508,0.7716,0.2322,0.1902
19,8800001,8850000,8824898,747,335,35.1579,6.2698,0.6973,0.2623,0.206
19,8850001,8900000,8878796,872,268,53.3889,5.0794,0.8263,0.4512,0.3404
19,8900001,8950000,8925898,995,381,41.1187,6.6111,0.723,0.256,0.2091
19,8950001,9000000,8973725,998,381,37.1948,5.0523,0.7608,0.2234,0.1939
19,9000001,9050000,9028330,1248,633,52.7882,16.4073,0.5258,0.1716,0.1379
19,9050001,9100000,9073016,1359,468,34.8287,12.4418,0.4736,0.1346,0.1081
19,9100001,9150000,9126498,1268,448,45.1001,13.2871,0.5449,0.2458,0.1847
19,9150001,9200000,9171236,1292,606,53.0138,21.8653,0.416,0.151,0.1158
19,9200001,9250000,9222400,1014,530,32.0847,3.518,0.8024,0.1938,0.1691
19,9250001,9300000,9273783,720,376,33.8132,3.0956,0.8323,0.2532,0.2094
19,9600001,9650000,9623956,995,447,48.7542,12.8375,0.5831,0.2064,0.1685
19,10100001,10150000,10126292,930,292,23.8556,4.0428,0.7102,0.2358,0.1901
19,10150001,10200000,10174452,884,325,31.8763,3.4451,0.8049,0.2458,0.1982
19,10200001,10250000,10223227,763,360,28.4741,4.7222,0.7155,0.2524,0.2043
19,10250001,10300000,10275531,960,358,47.1827,4.7381,0.8175,0.2891,0.2462
19,10600001,10650000,10627045,766,389,5.7896,6.8108,-0.081,-0.0138,-0.0086
19,10650001,10700000,10675105,1007,504,11.7832,7.7134,0.2087,0.0365,0.0234
19,10700001,10750000,10721816,1234,249,6.3988,4.7705,0.1458,0.0279,0.018
19,10850001,10900000,10876086,789,256,19.6905,4.0907,0.656,0.1876,0.1425
19,10900001,10950000,10924916,917,416,29.0138,9.4843,0.5073,0.1414,0.1081
19,10950001,11000000,10972811,1264,373,33.6715,4.1334,0.7813,0.2218,0.1819
19,11200001,11250000,11225573,782,127,10.9365,2.095,0.6785,0.2796,0.197
19,11850001,11900000,11875169,842,104,17.9762,0.2902,0.9682,0.4671,0.4413
19,12450001,12500000,12472808,1151,164,16.3464,3.3586,0.6591,0.2482,0.1757
19,14150001,14200000,14173644,1127,331,31.627,7.5197,0.6158,0.1853,0.1588
19,14200001,14250000,14227584,1134,228,23.0032,4.254,0.6879,0.2066,0.1766
19,14250001,14300000,14275886,1318,159,13.6426,2.1905,0.7233,0.2529,0.2026
19,14300001,14350000,14325336,1336,203,14.8113,4.1479,0.5624,0.182,0.1404
19,14350001,14400000,14373982,799,186,16.7559,4.4686,0.5789,0.2215,0.1686
19,14400001,14450000,14422924,918,194,18.9524,1.754,0.8306,0.2956,0.2618
19,14450001,14500000,14475499,911,256,30.2646,0.6718,0.9566,0.3753,0.3239
19,14500001,14550000,14523845,1156,210,29.3231,5.4799,0.6851,0.3252,0.2325
19,14550001,14600000,14579310,1124,143,23.3942,1.0714,0.9124,0.4186,0.3758
19,14700001,14750000,14727204,1026,101,7.4772,1.127,0.738,0.1767,0.151
19,14750001,14800000,14772049,1040,250,18.841,6.2331,0.5028,0.1734,0.1243
19,14800001,14850000,14825042,1247,290,30.859,1.7107,0.895,0.2916,0.2502
19,14850001,14900000,14872697,1013,293,30.4441,1.7222,0.8929,0.2763,0.2324
19,14900001,14950000,14922509,870,285,37.0519,2.119,0.8918,0.368,0.3294
19,14950001,15000000,14978125,664,238,19.7192,1.6459,0.8459,0.3886,0.3042
19,15200001,15250000,15226001,966,170,8.6244,2.0,0.6235,0.141,0.1171
19,15700001,15750000,15728121,947,168,10.9133,4.036,0.46,0.164,0.1174
19,15750001,15800000,15774184,880,171,10.1587,6.408,0.2264,0.077,0.0592
19,15800001,15850000,15821834,726,264,28.6692,7.8413,0.5705,0.2291,0.1834
19,15850001,15900000,15874817,933,300,20.4309,10.4953,0.3213,0.1407,0.0918
19,15900001,15950000,15923206,1046,347,23.1267,7.9163,0.49,0.1615,0.1102
19,15950001,16000000,15974542,913,288,28.505,1.479,0.9013,0.357,0.3175
19,17600001,17650000,17625737,821,108,7.0317,1.119,0.7254,0.2025,0.1467
19,17700001,17750000,17726628,727,132,17.1077,1.8651,0.8034,0.4432,0.3551
19,17750001,17800000,17773269,928,238,10.5079,8.5728,0.1014,0.0437,0.0219
19,18350001,18400000,18375067,890,306,27.9015,3.5846,0.7723,0.2865,0.2366
19,18400001,18450000,18423996,729,191,12.349,2.9789,0.6113,0.1628,0.128
19,18900001,18950000,18921061,901,120,2.8515,1.9762,0.1813,0.0354,0.0197
19,19250001,19300000,19274004,902,140,21.9521,3.7951,0.7052,0.347,0.2464
19,19300001,19350000,19323040,972,291,28.8884,5.3229,0.6888,0.1634,0.1399
19,19350001,19400000,19376640,1271,200,28.8413,5.5238,0.6785,0.2328,0.1936
19,19400001,19450000,19424601,949,197,17.34,0.127,0.9855,0.1736,0.152
19,19450001,19500000,19477162,859,289,36.1595,0.2302,0.9874,0.3154,0.2658
19,19500001,19550000,19521118,1066,244,23.9444,4.4841,0.6845,0.1799,0.1434
19,19550001,19600000,19577496,820,144,14.3153,2.1831,0.7354,0.2251,0.1782
19,19650001,19700000,19674412,1487,248,36.6431,2.9042,0.8531,0.342,0.2829
19,19700001,19750000,19723501,1429,318,39.5903,6.9818,0.7002,0.2574,0.2167
19,19750001,19800000,19773605,1323,367,45.992,4.8575,0.8089,0.3048,0.2512
19,19800001,19850000,19824570,925,210,24.0379,4.2143,0.7017,0.3175,0.2369
19,19850001,19900000,19873863,990,230,20.2926,4.3443,0.6473,0.2186,0.1688
19,19900001,19950000,19926003,941,291,34.8425,6.1508,0.6999,0.2314,0.2001
19,19950001,20000000,19978911,2034,138,8.3968,0.9921,0.7887,0.1531,0.1227
19,20300001,20350000,20326400,615,104,5.1667,0.8175,0.7268,0.2285,0.1657
19,22150001,22200000,22175284,1085,172,20.8063,3.9401,0.6816,0.2391,0.1795
19,22800001,22850000,22825238,1259,267,68.1067,3.2093,0.91,0.4439,0.4069
19,22850001,22900000,22874206,1940,400,33.4218,16.3945,0.3418,0.0873,0.0659
19,22900001,22950000,22929718,1299,127,22.6547,0.1868,0.9836,0.3654,0.3135
19,23900001,23950000,23924219,743,154,8.5238,2.5635,0.5376,0.1847,0.1229
19,23950001,24000000,23975264,701,194,12.8253,0.2066,0.9683,0.2588,0.2105
19,24000001,24050000,24023550,783,209,9.1852,3.6293,0.4336,0.1114,0.0851
19,24050001,24100000,24063980,517,131,8.7594,0.3495,0.9233,0.2997,0.2448
19,24500001,24550000,24526631,849,110,10.9821,2.5084,0.6281,0.4555,0.2698
19,24550001,24600000,24575453,1107,106,10.1689,2.1606,0.6495,0.3542,0.2412
19,24700001,24750000,24726281,949,204,10.257,3.7937,0.46,0.1436,0.1089
19,24750001,24800000,24774778,763,154,16.5177,3.0317,0.6898,0.3613,0.3009
19,24800001,24850000,24823315,1111,140,9.9119,1.4938,0.7381,0.2577,0.2099
19,24900001,24950000,24930711,1258,172,13.093,1.8086,0.7573,0.2918,0.2493
19,24950001,25000000,24970151,1724,191,16.4262,0.0317,0.9961,0.3778,0.3457
19,25000001,25050000,25032496,1828,135,13.7649,0.8437,0.8845,0.4762,0.4098
19,25100001,25150000,25126051,1030,130,9.6918,0.2293,0.9538,0.2797,0.2555
