scaffold,start,end,mid,sites,sitesUsed,ABBA,BABA,D,fd,fdM
23,700001,750000,725068,2414,177,23.1007,2.5588,0.8006,0.2832,0.239
23,750001,800000,775525,2371,327,51.443,6.8624,0.7646,0.2998,0.2377
23,800001,850000,825182,4040,409,45.2506,18.8598,0.4116,0.2165,0.1453
23,1600001,1650000,1625732,2108,328,85.3571,5.127,0.8867,0.3696,0.3207
23,1650001,1700000,1675428,2125,592,153.3267,14.4524,0.8277,0.3292,0.2884
23,1700001,1750000,1725991,1874,453,99.9439,3.7857,0.927,0.3465,0.3102
23,1750001,1800000,1774467,1953,426,64.8672,9.3651,0.7477,0.2175,0.1835
23,1950001,2000000,1974770,2250,150,21.6566,0.9126,0.9191,0.2742,0.238
23,5150001,5200000,5175082,1914,482,69.1313,5.6313,0.8494,0.266,0.2307
23,5700001,5750000,5724521,2172,102,7.9841,3.0952,0.4413,0.1198,0.0891
23,5750001,5800000,5776283,2084,411,59.0248,13.379,0.6304,0.2003,0.1708
23,5800001,5850000,5823616,1892,382,75.1984,2.3016,0.9406,0.2811,0.2526
23,5850001,5900000,5873843,2214,513,93.8526,9.6582,0.8134,0.2938,0.252
23,5900001,5950000,5925539,2046,308,57.5238,7.2222,0.7769,0.264,0.2321
23,5950001,6000000,5975985,2111,476,65.4191,6.9945,0.8068,0.2161,0.1913
23,6000001,6050000,6025183,2282,147,12.5634,8.4365,0.1965,0.0633,0.0525
23,6600001,6650000,6623763,1905,392,96.8966,11.9048,0.7812,0.3832,0.2635
23,6650001,6700000,6676656,2013,146,25.4762,2.0413,0.8516,0.264,0.2024
23,7300001,7350000,7323792,1929,405,76.0714,14.0952,0.6874,0.2394,0.2012
23,7350001,7400000,7373917,1921,405,59.6587,12.254,0.6592,0.2073,0.1635
23,7400001,7450000,7425870,2084,350,65.7294,5.4683,0.8464,0.2813,0.2474
23,7450001,7500000,7469670,1683,280,39.1007,6.1032,0.73,0.2137,0.1834
23,7500001,7550000,7528590,1736,281,48.158,5.7545,0.7865,0.2339,0.2052
23,7550001,7600000,7559659,813,179,28.6905,4.2549,0.7417,0.2732,0.2373
23,7600001,7650000,7626656,1982,146,18.1429,0.8095,0.9146,0.215,0.1615
23,7850001,7900000,7874578,2133,100,16.8571,3.9683,0.6189,0.2253,0.1783
23,7900001,7950000,7923304,2007,266,56.8715,6.0317,0.8082,0.3043,0.2606
23,8000001,8050000,8026994,2268,254,24.0409,4.6825,0.674,0.1405,0.1239
23,8150001,8200000,8175349,2078,152,22.7759,2.6067,0.7946,0.2344,0.2048
23,8200001,8250000,8224700,1919,414,87.9861,7.2252,0.8482,0.2683,0.2454
23,8250001,8300000,8275476,1966,120,20.9444,0.754,0.9305,0.2295,0.2099
23,8350001,8400000,8380698,1444,278,67.0538,8.8016,0.7679,0.3225,0.2841
23,8950001,9000000,8976122,2024,344,39.9524,6.6927,0.713,0.1491,0.1177
23,9000001,9050000,9024247,1870,423,44.3016,4.2918,0.8234,0.1757,0.1318
23,9050001,9100000,9073768,1859,351,43.3254,8.4528,0.6735,0.1702,0.1272
23,9100001,9150000,9125959,1962,358,30.8155,5.985,0.6747,0.1377,0.1004
23,9150001,9200000,9176531,2471,225,26.8824,2.4524,0.8328,0.2103,0.1564
23,9750001,9800000,9775592,1736,102,12.0,6.0397,0.3304,0.0898,0.0706
23,11100001,11150000,11134888,1191,198,37.4185,3.1667,0.8439,0.236,0.2097
23,11300001,11350000,11326320,1925,142,23.8646,3.0873,0.7709,0.2379,0.1971
23,11450001,11500000,11476513,1996,326,40.2838,4.1125,0.8147,0.1919,0.1589
23,11500001,11550000,11524128,2097,194,32.9113,3.6111,0.8023,0.2761,0.2319
23,11550001,11600000,11576702,2154,231,32.7619,7.8345,0.614,0.2268,0.167
23,11600001,11650000,11624699,2253,324,65.8852,10.8104,0.7181,0.2984,0.2426
23,11800001,11850000,11826777,2067,176,40.9027,2.0,0.9068,0.337,0.3005
23,12000001,12050000,12024127,1998,160,28.0794,3.2167,0.7944,0.2485,0.2139
23,12200001,12250000,12225575,2081,361,65.4314,2.619,0.923,0.2802,0.2508
23,12600001,12650000,12625146,2014,608,53.8909,17.5099,0.5095,0.1343,0.1043
23,12650001,12700000,12673867,2011,289,22.3413,8.3623,0.4553,0.1024,0.0739
23,12800001,12850000,12825288,1944,147,17.9206,3.1032,0.7048,0.2256,0.1956
23,12850001,12900000,12874709,2094,550,56.047,16.5757,0.5435,0.1445,0.1211
23,12900001,12950000,12925360,2057,620,98.5783,11.873,0.785,0.206,0.1809
23,12950001,13000000,12975558,2100,557,90.9234,8.1368,0.8357,0.2216,0.1906
23,13000001,13050000,13025000,2069,592,82.0295,21.3487,0.587,0.208,0.1678
23,13050001,13100000,13074213,2057,548,105.0794,18.0637,0.7066,0.2396,0.2085
23,13100001,13150000,13124783,2298,272,48.5317,5.4595,0.7978,0.2314,0.2007
23,13200001,13250000,13224432,2441,217,33.8175,4.0873,0.7843,0.2204,0.1847
23,13250001,13300000,13274725,2089,211,25.4841,1.5156,0.8877,0.2134,0.1906
23,13350001,13400000,13375735,1963,632,120.4791,10.7628,0.836,0.2808,0.2448
23,13400001,13450000,13423836,1951,240,32.7302,6.2312,0.6801,0.1742,0.1546
23,13750001,13800000,13774197,1555,564,98.2733,17.8492,0.6926,0.26,0.2199
23,13800001,13850000,13825112,1625,512,69.0799,12.2857,0.698,0.1769,0.1525
23,13850001,13900000,13874125,1491,630,88.6587,12.3815,0.7549,0.1851,0.1653
23,13900001,13950000,13926387,1773,540,87.254,11.8817,0.7603,0.2345,0.1933
23,13950001,14000000,13975436,1771,715,73.1117,16.4275,0.6331,0.1437,0.109
23,14000001,14050000,14025995,1642,451,49.0714,7.1887,0.7444,0.1576,0.1233
23,14150001,14200000,14176562,1925,183,36.2975,3.0079,0.8469,0.2625,0.2398
23,14200001,14250000,14225194,1871,448,91.3407,13.0794,0.7495,0.2733,0.2433
23,15050001,15100000,15075669,1759,631,93.4451,7.2302,0.8564,0.2321,0.2084
23,15100001,15150000,15125016,1741,599,87.8051,9.3257,0.808,0.1993,0.1837
23,15150001,15200000,15176680,1896,512,77.6828,9.0618,0.7911,0.2171,0.1865
23,15250001,15300000,15277267,2018,410,31.8749,9.4377,0.5431,0.1117,0.0929
23,15300001,15350000,15324929,1630,581,58.6281,14.0794,0.6127,0.1804,0.1481
23,15350001,15400000,15374656,1748,433,47.3835,8.0714,0.7089,0.1809,0.1534
23,16000001,16050000,16025476,1979,642,89.9005,11.4602,0.7739,0.278,0.2412
23,16050001,16100000,16074915,1806,567,92.4021,17.9845,0.6742,0.2232,0.1877
23,16100001,16150000,16123786,1659,525,69.1011,19.0142,0.5684,0.1753,0.1376
23,16250001,16300000,16272590,1405,343,36.1667,6.3671,0.7006,0.1898,0.1455
23,16400001,16450000,16423932,1749,101,12.8086,1.0081,0.8541,0.2347,0.1894
23,16450001,16500000,16477726,1648,420,60.3806,6.119,0.816,0.205,0.1828
23,16500001,16550000,16524792,1737,493,49.7778,14.977,0.5374,0.1275,0.1081
23,16550001,16600000,16575736,1855,333,24.9272,9.1746,0.4619,0.0896,0.0694
23,16850001,16900000,16875598,2003,242,35.9444,8.2977,0.6249,0.1847,0.1562
23,16900001,16950000,16925364,1803,496,59.3964,13.7143,0.6248,0.16,0.1352
23,16950001,17000000,16975477,1940,568,73.9735,16.2719,0.6394,0.1732,0.1394
23,17000001,17050000,17025812,1771,575,60.4236,11.9692,0.6693,0.1606,0.1308
23,17050001,17100000,17074566,1889,585,86.8413,13.1541,0.7369,0.264,0.187
23,17100001,17150000,17125745,1874,633,56.9313,28.1309,0.3386,0.1024,0.0715
23,17150001,17200000,17175291,1658,436,34.0393,22.2054,0.2104,0.0603,0.0388
23,17200001,17250000,17225616,1876,631,69.9567,18.4997,0.5817,0.1685,0.1237
23,17250001,17300000,17273276,2075,599,60.2176,15.5964,0.5886,0.1428,0.107
23,17300001,17350000,17325210,1828,323,43.9444,10.5635,0.6124,0.1848,0.1402
23,17850001,17900000,17873885,2004,262,27.6364,7.2092,0.5862,0.159,0.1295
23,17900001,17950000,17925672,2469,194,24.8647,4.0317,0.721,0.2212,0.1873
23,18000001,18050000,18024549,2101,387,67.5873,11.0952,0.718,0.2481,0.2071
23,18050001,18100000,18074608,1881,182,43.8157,6.0317,0.758,0.2673,0.2416
23,18450001,18500000,18475042,2287,245,34.1498,4.0,0.7903,0.218,0.1824
23,19050001,19100000,19093821,504,113,16.9048,1.0238,0.8858,0.3071,0.2125
23,19100001,19150000,19124975,2270,706,88.06,10.4105,0.7886,0.2433,0.1767
23,19150001,19200000,19175283,2029,605,66.3041,9.3441,0.753,0.2194,0.1557
23,19200001,19250000,19224140,2165,614,56.7933,21.1222,0.4578,0.1093,0.079
23,19250001,19300000,19276438,2102,681,52.6101,24.6587,0.3617,0.0874,0.0627
23,19300001,19350000,19325658,2190,672,47.8887,18.9949,0.432,0.0902,0.0645
23,19350001,19400000,19374426,2403,593,56.6915,17.8215,0.5217,0.1388,0.1016
23,19400001,19450000,19424776,2160,634,72.4671,15.2622,0.6521,0.1776,0.1426
23,19450001,19500000,19475084,2122,447,83.3254,11.3492,0.7602,0.2529,0.2236
23,19850001,19900000,19875478,2105,486,51.2211,15.9288,0.5256,0.1574,0.1276
23,19900001,19950000,19923822,2048,511,67.0237,17.6236,0.5836,0.1777,0.1392
23,19950001,20000000,19974661,2210,213,29.3844,7.2302,0.6051,0.1999,0.1558
23,20750001,20800000,20775094,937,130,10.7966,1.0794,0.8182,0.2171,0.1781
23,21100001,21150000,21128089,1351,322,19.5559,11.0212,0.2791,0.0874,0.0632
23,21150001,21200000,21175009,1526,280,24.2674,15.7063,0.2142,0.081,0.0589
23,21300001,21350000,21321305,996,107,16.1742,0.127,0.9844,0.4999,0.4198
23,22250001,22300000,22274883,1045,171,19.4841,5.4709,0.5615,0.1953,0.1399
23,22400001,22450000,22424286,1878,118,15.4668,0.7302,0.9098,0.3438,0.2757
23,22450001,22500000,22468805,1625,143,22.6136,2.4127,0.8072,0.4393,0.3325
23,23350001,23400000,23372014,927,151,16.0315,4.5849,0.5552,0.2765,0.1791
