scaffold,start,end,mid,sites,sitesUsed,ABBA,BABA,D,fd,fdM
18,1100001,1150000,1126792,3372,268,30.0639,14.7695,0.3411,0.1598,0.1216
18,1150001,1200000,1174628,2904,537,45.8762,14.1795,0.5278,0.1753,0.1387
18,1200001,1250000,1224707,3014,771,100.2719,22.4296,0.6344,0.2709,0.2053
18,1250001,1300000,1274167,3302,1061,191.3071,12.894,0.8737,0.3681,0.3102
18,1300001,1350000,1322913,2572,717,108.7381,8.2998,0.8582,0.3643,0.3162
18,1350001,1400000,1372458,2834,490,82.2305,5.7301,0.8697,0.4278,0.3608
18,3000001,3050000,3024935,2930,722,121.2286,22.8198,0.6832,0.275,0.2123
18,3050001,3100000,3075772,2777,726,84.192,18.3181,0.6426,0.2471,0.1868
18,3100001,3150000,3125686,2786,229,39.9736,5.7302,0.7492,0.3802,0.3041
18,3150001,3200000,3174476,3029,1095,272.2804,14.8154,0.8968,0.5583,0.4609
18,3200001,3250000,3225807,2678,700,87.5437,15.283,0.7027,0.2823,0.2209
18,3250001,3300000,3276748,3119,1021,170.4428,13.3282,0.8549,0.3612,0.296
18,3300001,3350000,3327321,4146,719,93.86,9.3112,0.8195,0.3685,0.2895
18,3350001,3400000,3373713,3231,1094,143.1064,14.9427,0.8109,0.3145,0.2738
18,3400001,3450000,3427105,3139,603,105.5671,5.9337,0.8936,0.4206,0.3704
18,3450001,3500000,3474723,3803,1265,233.5801,9.8849,0.9188,0.439,0.3858
18,3500001,3550000,3525997,4477,244,34.9469,2.7211,0.8555,0.4069,0.3442
18,4250001,4300000,4269910,2341,275,43.4564,3.6004,0.847,0.3064,0.248
18,4600001,4650000,4625629,2029,199,38.4758,1.4092,0.9293,0.3399,0.291
18,4650001,4700000,4674315,2200,376,64.245,8.0325,0.7777,0.2365,0.2103
18,5300001,5350000,5323923,1945,385,60.7302,15.0739,0.6023,0.2113,0.1773
18,5350001,5400000,5374907,2178,713,145.998,13.2545,0.8335,0.318,0.2673
18,5400001,5450000,5425120,2042,554,102.9263,20.246,0.6713,0.265,0.2209
18,5450001,5500000,5474908,2088,546,72.2931,15.6522,0.644,0.1769,0.1491
18,5500001,5550000,5523583,1975,556,77.483,20.6587,0.579,0.1422,0.1209
18,5550001,5600000,5576561,2467,314,31.6438,11.0635,0.4819,0.1232,0.0998
18,5800001,5850000,5825103,2270,213,38.1902,6.5458,0.7074,0.292,0.2292
18,5850001,5900000,5873702,2392,427,66.217,8.1965,0.7797,0.2371,0.2052
18,5900001,5950000,5924815,2357,315,55.1003,5.381,0.8221,0.2633,0.2269
18,6000001,6050000,6024923,2542,431,43.7008,16.5166,0.4514,0.1475,0.1102
18,6050001,6100000,6074555,2186,546,73.2791,8.7169,0.7874,0.2175,0.1905
18,6100001,6150000,6110885,1076,297,26.4644,9.6508,0.4656,0.1214,0.0964
18,6450001,6500000,6475039,2528,420,55.9458,17.1825,0.5301,0.1799,0.1504
18,6500001,6550000,6524231,2334,559,84.9601,13.9302,0.7183,0.2471,0.1974
18,6550001,6600000,6573999,2234,543,112.96,13.5263,0.7861,0.3238,0.2876
18,6600001,6650000,6628885,1405,372,56.0978,18.2897,0.5083,0.1823,0.1455
18,6650001,6700000,6676135,2417,554,91.1559,11.4838,0.7762,0.2651,0.2286
18,6700001,6750000,6725395,2208,213,41.7934,6.0317,0.7478,0.2908,0.2554
18,6750001,6800000,6775073,2242,292,47.8693,4.1357,0.8409,0.262,0.2313
18,6950001,7000000,6974666,1922,246,51.621,6.3176,0.7819,0.3412,0.2902
18,9000001,9050000,9024200,1964,472,88.3847,16.0873,0.692,0.2403,0.2066
18,9550001,9600000,9574924,2035,615,78.524,9.36,0.787,0.1741,0.1559
18,9600001,9650000,9624082,1773,258,43.8571,8.8095,0.6655,0.2385,0.1964
18,9800001,9850000,9825061,1976,156,24.9921,4.0317,0.7222,0.2204,0.1869
18,9850001,9900000,9869200,2609,488,84.0764,6.995,0.8464,0.2761,0.2473
18,9900001,9950000,9924444,1896,727,126.4249,14.8968,0.7892,0.2574,0.2241
18,9950001,10000000,9974580,1923,682,98.1996,18.5782,0.6818,0.2136,0.1807
18,10000001,10050000,10025665,1809,487,57.5873,15.8452,0.5684,0.1622,0.1378
18,10050001,10100000,10076580,2024,541,83.9365,17.3172,0.6579,0.2198,0.188
18,10100001,10150000,10128929,1602,460,59.185,6.0735,0.8139,0.2424,0.1997
18,10150001,10200000,10175053,1955,425,49.7695,15.6054,0.5226,0.1652,0.1379
18,10200001,10250000,10223967,2073,492,61.6984,13.095,0.6498,0.1984,0.1676
18,10250001,10300000,10274308,2179,689,96.4789,14.4914,0.7388,0.2151,0.1883
18,10300001,10350000,10326063,1865,324,55.7698,12.9267,0.6237,0.1958,0.1658
18,10550001,10600000,10574535,1933,336,39.1349,8.1967,0.6536,0.1789,0.1445
18,10700001,10750000,10723590,1776,135,8.9444,2.6429,0.5438,0.1247,0.0901
18,10750001,10800000,10775521,1809,641,51.6452,22.634,0.3906,0.1276,0.0973
18,11200001,11250000,11224845,1991,597,71.4841,10.1386,0.7516,0.2065,0.1623
18,11250001,11300000,11275899,1971,496,33.2622,4.8899,0.7437,0.1257,0.1007
18,11300001,11350000,11323335,1970,598,41.0794,16.5556,0.4255,0.0892,0.0671
18,11350001,11400000,11374774,1859,631,88.2523,16.8689,0.6791,0.2197,0.1709
18,11400001,11450000,11426308,2096,634,105.4828,18.9286,0.6957,0.2394,0.1957
18,11450001,11500000,11474338,1685,507,72.9921,12.7448,0.7027,0.1911,0.1688
18,11500001,11550000,11523893,1742,502,76.4377,20.7381,0.5732,0.1781,0.1465
18,11550001,11600000,11575046,1769,533,86.1635,15.3588,0.6974,0.2118,0.177
18,11600001,11650000,11625379,1887,541,65.1074,16.7698,0.5904,0.1562,0.1303
18,11650001,11700000,11671382,1541,573,37.0676,18.1471,0.3427,0.0752,0.0541
18,11700001,11750000,11726105,885,184,6.435,3.8497,0.2514,0.0595,0.0303
18,11750001,11800000,11775468,669,270,17.5794,3.7392,0.6492,0.1727,0.1308
18,11800001,11850000,11824108,766,384,28.5352,7.8061,0.5704,0.2036,0.1469
18,11850001,11900000,11873752,910,335,27.3859,9.5083,0.4846,0.1754,0.127
18,11900001,11950000,11924702,817,246,36.5573,5.6344,0.7329,0.3277,0.2847
18,11950001,12000000,11974055,808,248,27.0548,4.6349,0.7075,0.286,0.2266
18,12000001,12050000,12026072,870,242,22.6158,5.4059,0.6142,0.2218,0.1869
18,12050001,12100000,12074135,1202,328,32.5942,7.104,0.6421,0.234,0.1916
18,12100001,12150000,12124961,1169,218,33.9908,2.214,0.8777,0.3045,0.2798
18,12150001,12200000,12175148,988,243,21.9114,6.7163,0.5308,0.1692,0.136
18,12200001,12250000,12226093,895,349,29.5123,5.165,0.7021,0.2545,0.2084
18,12250001,12300000,12273630,691,283,26.3001,0.6927,0.9487,0.3003,0.2491
18,12300001,12350000,12324064,735,310,25.6421,1.5476,0.8862,0.2765,0.2348
18,12350001,12400000,12373930,1092,305,26.8248,5.8492,0.642,0.216,0.1868
18,12700001,12750000,12724105,1179,164,24.4856,0.2778,0.9776,0.331,0.3011
18,12750001,12800000,12775456,1403,159,10.8627,4.5794,0.4069,0.1212,0.0958
18,13150001,13200000,13174295,1207,139,9.8175,2.0,0.6615,0.2033,0.1528
18,13250001,13300000,13277369,713,262,18.2753,4.9204,0.5758,0.1782,0.1368
18,13300001,13350000,13326317,1211,188,27.7412,4.9538,0.697,0.2798,0.214
18,13350001,13400000,13374749,2524,148,35.2619,1.1129,0.9388,0.4314,0.3547
18,13400001,13450000,13424829,2447,273,77.0969,3.2384,0.9194,0.4404,0.3713
18,13500001,13550000,13519813,1760,217,42.0177,9.2376,0.6395,0.354,0.2764
18,13550001,13600000,13576220,2202,158,28.9161,4.8141,0.7146,0.4705,0.3459
18,13600001,13650000,13626289,2363,487,89.4512,13.8563,0.7317,0.3417,0.2813
18,13750001,13800000,13774357,2206,105,14.2603,2.3686,0.7151,0.325,0.261
18,14950001,15000000,14976053,1270,293,35.1586,7.8651,0.6344,0.2185,0.1788
18,15100001,15150000,15124570,1147,308,48.6472,6.9845,0.7489,0.2986,0.2384
18,15150001,15200000,15170431,1292,202,21.8158,4.2667,0.6728,0.2075,0.1702
18,15200001,15250000,15226185,664,229,25.6122,3.6119,0.7528,0.2452,0.2052
18,15250001,15300000,15276732,689,162,15.8978,2.9921,0.6832,0.2468,0.2006
18,15300001,15350000,15322968,921,169,13.3007,3.2343,0.6088,0.1981,0.1569
18,15350001,15400000,15375555,1262,194,20.0641,4.0873,0.6615,0.244,0.1912
18,15400001,15450000,15428526,926,157,16.0077,2.9283,0.6907,0.2715,0.1963
18,15450001,15500000,15472515,835,230,15.2698,3.4683,0.6298,0.2007,0.1509
18,15500001,15550000,15525316,1083,264,22.0675,4.4365,0.6652,0.1859,0.1397
18,15550001,15600000,15575794,2053,111,18.7381,1.0635,0.8926,0.3106,0.2601
18,15750001,15800000,15776471,2210,199,25.0317,2.1551,0.8415,0.2164,0.1487
18,15800001,15850000,15824217,2184,451,31.8492,8.9923,0.5596,0.0958,0.0678
18,15850001,15900000,15876257,2047,358,42.873,8.0101,0.6852,0.1837,0.1519
18,16200001,16250000,16225269,2182,350,49.8071,2.1907,0.9157,0.2559,0.2241
18,16250001,16300000,16276206,1973,318,28.5397,1.2222,0.9179,0.2041,0.1712
18,16300001,16350000,16326032,2142,752,62.5324,11.4488,0.6905,0.1449,0.1222
18,16350001,16400000,16374412,2285,788,134.9538,10.9871,0.8494,0.2998,0.2646
18,16400001,16450000,16424063,2186,235,31.9048,1.4373,0.9138,0.2673,0.2319
18,18300001,18350000,18333836,1002,142,4.9683,3.0399,0.2408,0.0424,0.027
18,18350001,18400000,18375041,826,139,5.3739,3.3697,0.2292,0.0587,0.0344
18,18400001,18450000,18426888,989,246,19.8095,5.6311,0.5573,0.2257,0.1611
18,18450001,18500000,18473280,1102,253,5.3765,1.4444,0.5765,0.0885,0.0471
18,18650001,18700000,18671730,1224,123,12.0159,3.4217,0.5567,0.2601,0.1657
18,19000001,19050000,19026446,916,108,6.1316,1.5238,0.6019,0.2416,0.15
18,20400001,20450000,20419088,1194,235,26.4206,1.4921,0.8931,0.3511,0.2948
18,21150001,21200000,21174858,1099,105,11.2698,1.119,0.8193,0.2789,0.2281
18,21200001,21250000,21225901,1123,161,13.9649,1.2063,0.841,0.2057,0.1628
18,21250001,21300000,21273894,975,171,14.1111,3.127,0.6372,0.1628,0.1314
18,21300001,21350000,21322404,964,213,13.0317,6.2619,0.3509,0.11,0.08
18,21350001,21400000,21372468,1091,189,27.8022,3.9291,0.7524,0.309,0.2428
18,21400001,21450000,21423978,893,102,10.393,0.9598,0.8309,0.4028,0.3258
18,21450001,21500000,21478927,965,126,14.9048,2.6508,0.698,0.2752,0.2191
18,21500001,21550000,21524969,1208,102,10.1587,0.0159,0.9969,0.2803,0.2523
18,21550001,21600000,21577464,1043,211,28.0086,5.6951,0.662,0.3142,0.2545
18,21600001,21650000,21623307,1096,176,17.8783,4.6429,0.5877,0.2907,0.2056
18,21650001,21700000,21674136,1562,219,28.5005,2.9191,0.8142,0.2992,0.2611
18,22150001,22200000,22177418,1183,347,53.7388,3.1825,0.8882,0.2944,0.2632
18,26300001,26350000,26324193,2099,305,49.3433,9.0397,0.6903,0.2817,0.2261
18,26350001,26400000,26377215,2534,468,56.8229,8.3146,0.7447,0.2901,0.2385
18,26400001,26450000,26423798,2326,842,102.2375,14.8124,0.7469,0.2935,0.2463
18,26450001,26500000,26472749,1602,273,37.5036,3.5714,0.8261,0.2596,0.2275
18,27250001,27300000,27275807,1768,349,31.9366,7.0686,0.6376,0.2088,0.171
18,27400001,27450000,27426578,1891,294,37.142,4.9821,0.7635,0.2666,0.2392
18,27450001,27500000,27473045,1897,362,44.25,9.8916,0.6346,0.2467,0.1976
18,27500001,27550000,27524310,2109,422,48.5921,5.0707,0.811,0.2877,0.246
18,27550001,27600000,27576463,1718,543,45.7929,7.0649,0.7327,0.1952,0.1622
18,27600001,27650000,27622926,1543,575,63.6918,10.057,0.7273,0.2585,0.2121
18,27650001,27700000,27673307,1322,423,51.5096,6.3024,0.782,0.3139,0.2581
18,27700001,27750000,27723891,1773,448,54.6411,4.3693,0.8519,0.3087,0.2644
18,27750001,27800000,27772509,1431,190,10.955,2.75,0.5987,0.1362,0.1148
18,28200001,28250000,28224074,1405,105,5.7222,0.4762,0.8464,0.1573,0.1433
18,28250001,28300000,28275800,1770,230,19.0826,6.7143,0.4795,0.2083,0.1567
18,28300001,28350000,28326106,1739,166,10.6326,3.0005,0.5598,0.1432,0.1143
18,28450001,28500000,28473141,2085,166,12.8477,3.1508,0.6061,0.2031,0.1479
18,28700001,28750000,28727100,2067,292,29.7595,4.6651,0.729,0.2313,0.1968
18,28800001,28850000,28825880,1426,127,15.9304,3.8465,0.611,0.2759,0.2117
18,29100001,29150000,29126341,2046,106,13.9048,3.765,0.5739,0.2735,0.2001
18,29150001,29200000,29175280,1764,111,16.2123,1.8175,0.7984,0.3461,0.3015
18,29700001,29750000,29725824,2391,288,37.8356,6.4415,0.709,0.2958,0.2445
18,29750001,29800000,29776189,1741,423,62.2985,7.6834,0.7804,0.3448,0.27
18,29800001,29850000,29825514,1845,269,46.1012,4.179,0.8338,0.378,0.3265
18,30250001,30300000,30282918,604,237,42.4691,2.5119,0.8883,0.5375,0.4079
18,30300001,30350000,30325431,1537,139,19.0119,5.3255,0.5624,0.2786,0.2104
