scaffold,start,end,mid,sites,sitesUsed,ABBA,BABA,D,fd,fdM
19,1,50000,35506,885,277,88.4325,5.4882,0.8831,0.7244,0.5198
19,50001,100000,76973,2172,262,85.5435,0.8095,0.9813,0.6905,0.4925
19,350001,400000,370506,2254,168,44.902,2.4822,0.8952,0.6249,0.5268
19,400001,450000,426965,2304,632,191.0705,7.6983,0.9225,0.6585,0.5537
19,450001,500000,475056,1833,690,286.2251,5.5714,0.9618,0.833,0.7492
19,500001,550000,527603,1925,550,247.7789,0.0,1.0,0.8463,0.8463
19,550001,600000,576660,2673,175,62.7302,0.0,1.0,0.8304,0.8304
19,1850001,1900000,1874906,2471,480,165.2713,15.2968,0.8306,0.645,0.485
19,1900001,1950000,1925779,2146,638,179.8914,8.835,0.9064,0.6758,0.4769
19,1950001,2000000,1975103,2354,721,178.9569,19.9743,0.7992,0.5381,0.3627
19,2250001,2300000,2275460,3196,711,197.03,4.8999,0.9515,0.785,0.5787
19,2300001,2350000,2322736,2312,797,322.59,1.9898,0.9877,0.9056,0.748
19,2650001,2700000,2673906,2335,152,57.4561,0.0317,0.9989,0.69,0.6028
19,3250001,3300000,3274925,2431,400,62.1838,13.9916,0.6326,0.2259,0.182
19,3300001,3350000,3324435,2098,658,179.0055,14.2382,0.8526,0.4262,0.3651
19,3350001,3400000,3376103,2222,570,184.0582,8.6537,0.9102,0.4872,0.4187
19,3400001,3450000,3423860,2077,448,153.1832,6.5183,0.9184,0.553,0.4654
19,3450001,3500000,3477595,1970,449,83.4432,14.6726,0.7009,0.2697,0.2379
19,3500001,3550000,3525076,2387,558,114.0647,15.0956,0.7663,0.3003,0.2525
19,3550001,3600000,3575746,2328,137,55.4595,2.2147,0.9232,0.5332,0.4668
19,3900001,3950000,3925737,2002,652,120.4393,17.2562,0.7494,0.2997,0.2321
19,3950001,4000000,3976039,2234,677,117.273,30.1422,0.5911,0.2362,0.1854
19,4000001,4050000,4025610,2327,687,148.4263,21.8853,0.743,0.36,0.2834
19,4050001,4100000,4075090,2213,729,113.7819,22.8398,0.6656,0.2394,0.1862
19,4100001,4150000,4124685,1918,587,106.6805,21.5152,0.6643,0.2733,0.2237
19,4150001,4200000,4174174,1960,157,29.323,6.17,0.6523,0.2964,0.242
19,4550001,4600000,4574021,1907,355,124.7395,4.5626,0.9294,0.5317,0.4938
19,4600001,4650000,4626125,2181,304,103.4282,2.3413,0.9557,0.555,0.5014
19,4650001,4700000,4674912,2250,176,49.9375,9.9563,0.6675,0.3912,0.3186
19,4700001,4750000,4725394,2338,347,84.4103,11.6519,0.7574,0.4009,0.3123
19,5300001,5350000,5323424,2462,546,190.8837,9.247,0.9076,0.4533,0.3984
19,5350001,5400000,5374821,2158,316,102.4339,4.2302,0.9207,0.4094,0.3566
19,5600001,5650000,5624146,1938,250,112.968,0.3333,0.9941,0.7442,0.6488
19,5900001,5950000,5926546,1979,567,202.0727,13.5341,0.8745,0.6383,0.5366
19,5950001,6000000,5975101,1902,500,243.7685,4.329,0.9651,0.6655,0.6122
19,6000001,6050000,6025228,2047,514,174.5746,12.2249,0.8691,0.529,0.4439
19,6050001,6100000,6075306,1930,369,110.5342,14.0481,0.7745,0.4963,0.3959
19,6100001,6150000,6126163,2142,155,51.6065,6.0,0.7917,0.4252,0.3856
19,6200001,6250000,6223592,2037,173,59.2063,4.2222,0.8669,0.5339,0.4733
19,6250001,6300000,6274321,2105,512,155.0255,21.863,0.7528,0.4756,0.3823
19,6300001,6350000,6326278,2072,608,153.2937,14.2039,0.8304,0.4311,0.348
19,6350001,6400000,6374316,2066,523,178.2565,15.0079,0.8447,0.5671,0.4953
19,6650001,6700000,6673986,1629,145,24.1984,6.0814,0.5983,0.2843,0.2242
19,6700001,6750000,6724948,852,129,12.0079,5.3968,0.3798,0.1181,0.0927
19,6850001,6900000,6877286,1203,174,44.3268,2.1032,0.9094,0.4188,0.3949
19,6950001,7000000,6973397,1769,686,80.6459,16.0927,0.6673,0.1826,0.1566
19,7000001,7050000,7027256,2978,191,57.9212,2.0714,0.9309,0.4827,0.444
19,7300001,7350000,7322332,2190,280,36.7971,6.5317,0.6985,0.1719,0.1572
19,7350001,7400000,7375506,1681,679,132.551,10.8712,0.8484,0.3364,0.299
19,7400001,7450000,7423485,1366,597,188.8956,2.9304,0.9694,0.7021,0.6363
19,7450001,7500000,7478827,1668,645,210.2877,1.6676,0.9843,0.7585,0.6636
19,7500001,7550000,7524817,1361,566,178.4642,6.5159,0.9296,0.6161,0.5457
19,7550001,7600000,7574377,1289,456,112.0097,4.024,0.9306,0.5814,0.4865
19,7600001,7650000,7625694,871,321,58.5418,6.5474,0.7988,0.5199,0.3788
19,7650001,7700000,7676691,1378,427,40.6433,7.3775,0.6927,0.2197,0.1615
19,8450001,8500000,8476479,1059,505,63.8009,7.2063,0.797,0.2519,0.2251
19,8500001,8550000,8529348,954,325,13.6999,5.0204,0.4636,0.0646,0.0546
19,8550001,8600000,8572288,1035,200,14.9573,3.5216,0.6189,0.1588,0.1371
19,8600001,8650000,8624223,720,250,13.1671,4.4448,0.4952,0.1201,0.0986
19,8650001,8700000,8681061,769,165,10.792,3.5079,0.5094,0.1434,0.1083
19,8700001,8750000,8725985,837,284,18.9477,4.1061,0.6438,0.1452,0.1192
19,8750001,8800000,8774198,689,308,34.227,2.1508,0.8818,0.2356,0.2162
19,8800001,8850000,8824898,747,350,96.1976,1.1429,0.9765,0.7291,0.6215
19,8850001,8900000,8878796,872,278,88.3817,4.8968,0.895,0.7303,0.5603
19,8900001,8950000,8925898,995,374,82.9777,7.7143,0.8299,0.6502,0.5126
19,8950001,9000000,8973725,998,385,95.6977,2.3495,0.9521,0.6184,0.5517
19,9000001,9050000,9028330,1248,632,92.1766,15.8381,0.7067,0.2777,0.2374
19,9050001,9100000,9073016,1359,472,74.2154,12.8597,0.7046,0.3624,0.2887
19,9100001,9150000,9126498,1268,452,68.9559,8.5842,0.7786,0.3605,0.307
19,9150001,9200000,9171236,1292,622,116.5573,10.0714,0.8409,0.5012,0.3965
19,9200001,9250000,9222400,1014,539,110.5261,1.3694,0.9755,0.5971,0.541
19,9250001,9300000,9273783,720,388,80.0355,2.3939,0.9419,0.5624,0.4716
19,9600001,9650000,9623956,995,504,40.9801,9.939,0.6096,0.1209,0.1078
19,10100001,10150000,10126292,930,301,67.714,2.6651,0.9243,0.5776,0.4981
19,10150001,10200000,10174452,884,328,89.5713,1.1118,0.9755,0.6938,0.5854
19,10200001,10250000,10223227,763,367,70.7899,3.7165,0.9002,0.5396,0.4644
19,10250001,10300000,10275531,960,367,127.2529,0.881,0.9862,0.7685,0.6721
19,10600001,10650000,10627045,766,392,46.2018,6.7711,0.7444,0.3814,0.2691
19,10650001,10700000,10675105,1007,512,73.1273,9.8483,0.7626,0.4729,0.318
19,10700001,10750000,10721816,1234,259,27.3156,7.3657,0.5752,0.2622,0.1728
19,10850001,10900000,10876086,789,266,67.1197,3.2574,0.9074,0.7141,0.5516
19,10900001,10950000,10924916,917,432,110.8539,3.5549,0.9379,0.7508,0.585
19,10950001,11000000,10972811,1264,379,107.394,5.2716,0.9064,0.7371,0.6083
19,11200001,11250000,11225573,782,133,24.259,2.1667,0.836,0.5036,0.3944
19,11850001,11900000,11875169,842,128,16.9524,0.2902,0.9663,0.2783,0.2684
19,12450001,12500000,12472808,1151,166,36.8912,2.3189,0.8817,0.4992,0.3846
19,14150001,14200000,14173644,1127,354,109.3381,10.7632,0.8208,0.6264,0.5355
19,14200001,14250000,14227584,1134,240,71.6088,2.1429,0.9419,0.6732,0.6076
19,14250001,14300000,14275886,1318,173,29.67,1.2063,0.9219,0.4265,0.3748
19,14300001,14350000,14325336,1336,203,41.5799,3.0774,0.8622,0.5966,0.5014
19,14350001,14400000,14373982,799,201,44.9781,9.4051,0.6541,0.5527,0.4097
19,14400001,14450000,14422924,918,201,48.5159,0.754,0.9694,0.6742,0.6254
19,14450001,14500000,14475499,911,263,46.012,0.6718,0.9712,0.3956,0.3567
19,14500001,14550000,14523845,1156,213,65.4653,1.091,0.9672,0.8158,0.6461
19,14550001,14600000,14579310,1124,148,47.1167,0.0317,0.9987,0.7868,0.7258
19,14700001,14750000,14727204,1026,105,26.4998,1.127,0.9184,0.6348,0.5504
19,14750001,14800000,14772049,1040,236,56.0739,7.304,0.7695,0.6227,0.4574
19,14800001,14850000,14825042,1247,303,86.7481,1.0044,0.9771,0.7044,0.6282
19,14850001,14900000,14872697,1013,294,73.0275,1.7222,0.9539,0.5873,0.5056
19,14900001,14950000,14922509,870,296,78.3227,0.119,0.997,0.7359,0.6777
19,14950001,15000000,14978125,664,252,39.6224,1.6459,0.9202,0.5129,0.4419
19,15200001,15250000,15226001,966,195,11.7391,2.0317,0.7049,0.1241,0.1105
19,15700001,15750000,15728121,947,170,13.8776,3.4917,0.5979,0.1631,0.1276
19,15750001,15800000,15774184,880,192,15.2391,4.9318,0.511,0.1276,0.1058
19,15800001,15850000,15821834,726,298,25.129,5.9206,0.6186,0.1428,0.1237
19,15850001,15900000,15874817,933,317,32.9937,5.1619,0.7294,0.2738,0.2185
19,15900001,15950000,15923206,1046,370,39.313,6.702,0.7087,0.2341,0.1865
19,15950001,16000000,15974542,913,324,32.3976,0.3016,0.9816,0.283,0.2637
19,17550001,17600000,17568447,1146,113,6.8968,0.0876,0.9749,0.1652,0.1471
19,17600001,17650000,17625737,821,119,15.0714,1.119,0.8618,0.3157,0.2478
19,17700001,17750000,17726628,727,133,19.7295,3.4572,0.7018,0.3663,0.3259
19,17750001,17800000,17773269,928,254,8.5714,8.2792,0.0173,0.0047,0.0029
19,18350001,18400000,18375067,890,314,68.2994,3.6,0.8999,0.6747,0.5685
19,18400001,18450000,18423996,729,190,41.6033,0.9789,0.954,0.7486,0.5981
19,18900001,18950000,18921061,901,119,10.9762,2.1349,0.6743,0.3751,0.1995
19,19250001,19300000,19274004,902,147,43.3651,2.7871,0.8792,0.722,0.537
19,19300001,19350000,19323040,972,282,123.2535,2.3229,0.963,0.8936,0.7721
19,19350001,19400000,19376640,1271,212,92.0156,1.5079,0.9678,0.773,0.6787
19,19400001,19450000,19424601,949,193,66.0588,1.127,0.9665,0.6803,0.5981
19,19450001,19500000,19477162,859,295,83.3543,7.75,0.8299,0.6508,0.508
19,19500001,19550000,19521118,1066,248,71.1259,6.4682,0.8333,0.5991,0.4705
19,19550001,19600000,19577496,820,147,44.6587,2.1831,0.9068,0.808,0.6458
19,19650001,19700000,19674412,1487,281,39.3863,6.6077,0.7127,0.2393,0.2026
19,19700001,19750000,19723501,1429,336,51.5042,7.497,0.7459,0.2539,0.2232
19,19750001,19800000,19773605,1323,384,45.8136,5.7637,0.7765,0.237,0.2065
19,19800001,19850000,19824570,925,243,26.183,4.2143,0.7227,0.2051,0.1841
19,19850001,19900000,19873863,990,246,22.4096,3.5586,0.7259,0.1806,0.156
19,19900001,19950000,19926003,941,334,42.0298,6.1349,0.7453,0.2003,0.1847
19,19950001,20000000,19978911,2034,142,12.9446,0.9921,0.8576,0.1602,0.1482
19,20300001,20350000,20326400,615,109,12.225,0.8175,0.8746,0.392,0.323
19,22000001,22050000,22022296,1671,172,19.2328,5.7978,0.5367,0.1801,0.1468
19,22050001,22100000,22073344,1180,391,14.6533,11.9386,0.1021,0.0107,0.0097
19,22100001,22150000,22128146,1341,269,15.2711,4.8968,0.5144,0.0617,0.0578
19,22150001,22200000,22175284,1085,205,12.8063,3.9401,0.5294,0.0807,0.0731
19,22800001,22850000,22825238,1259,303,58.5367,2.2619,0.9256,0.3074,0.2926
19,22850001,22900000,22874206,1940,434,31.3835,16.3945,0.3137,0.0603,0.0503
19,22900001,22950000,22929718,1299,122,46.2619,0.1868,0.992,0.8264,0.7096
19,23800001,23850000,23826046,722,247,29.0544,5.23,0.6949,0.3569,0.2445
19,23850001,23900000,23872328,898,203,16.9839,4.6352,0.5712,0.2309,0.1558
19,23900001,23950000,23924219,743,163,21.6947,1.1905,0.896,0.4733,0.3588
19,23950001,24000000,23975264,701,205,28.3756,2.1114,0.8615,0.3635,0.3176
19,24000001,24050000,24023550,783,214,29.0033,2.8118,0.8232,0.3684,0.3175
19,24050001,24100000,24063980,517,134,15.7546,0.286,0.9643,0.3534,0.3157
19,24500001,24550000,24526631,849,114,13.7599,2.5084,0.6916,0.5073,0.3216
19,24550001,24600000,24575453,1107,106,9.4704,2.1606,0.6285,0.287,0.2027
19,24700001,24750000,24726281,949,208,32.7021,3.0079,0.8315,0.3969,0.3412
19,24750001,24800000,24774778,763,160,26.1681,3.4178,0.769,0.5013,0.4202
19,24800001,24850000,24823315,1111,143,27.5648,3.2001,0.792,0.5718,0.475
19,24900001,24950000,24930711,1258,173,31.53,0.9923,0.939,0.5853,0.5427
19,24950001,25000000,24970151,1724,192,31.007,0.0317,0.998,0.5669,0.5371
19,25000001,25050000,25032496,1828,140,19.4143,0.1905,0.9806,0.5104,0.4708
19,25100001,25150000,25126051,1030,135,26.0434,0.2293,0.9825,0.4991,0.4787
