scaffold,start,end,mid,sites,sitesUsed,ABBA,BABA,D,fd,fdM
23,1550001,1600000,1574714,1955,192,12.871,5.2778,0.4184,0.0539,0.0492
23,1600001,1650000,1625732,2108,587,51.127,10.4422,0.6608,0.0928,0.0868
23,1650001,1700000,1675428,2125,693,62.1759,14.4524,0.6228,0.0891,0.0839
23,1700001,1750000,1725991,1874,532,47.6502,2.7857,0.8895,0.1233,0.1173
23,1750001,1800000,1774467,1953,493,35.8513,8.3651,0.6216,0.0806,0.074
23,1950001,2000000,1974770,2250,166,18.9489,0.9126,0.9081,0.1987,0.1817
23,3650001,3700000,3674298,2273,288,77.6981,7.9444,0.8145,0.332,0.3057
23,3700001,3750000,3720259,1669,346,23.2259,4.0487,0.7031,0.0784,0.0719
23,5150001,5200000,5175082,1914,570,34.1361,6.369,0.6855,0.0822,0.0766
23,5700001,5750000,5724521,2172,115,3.1508,1.2079,0.4458,0.0296,0.0246
23,5750001,5800000,5776283,2084,539,25.5155,13.379,0.312,0.0337,0.0312
23,5800001,5850000,5823616,1892,496,40.3095,3.3016,0.8486,0.097,0.0926
23,5850001,5900000,5873843,2214,633,39.586,8.6582,0.6411,0.0727,0.0692
23,5900001,5950000,5925539,2046,417,20.2974,7.2222,0.4751,0.0422,0.0401
23,5950001,6000000,5975985,2111,606,29.4352,9.1642,0.5252,0.0492,0.0462
23,6000001,6050000,6025183,2282,163,4.7742,6.1863,-0.1288,-0.0162,-0.0142
23,6600001,6650000,6623763,1905,496,19.9444,10.9048,0.293,0.0246,0.0214
23,6650001,6700000,6676656,2013,157,22.4762,2.0413,0.8335,0.1845,0.1612
23,7300001,7350000,7323792,1929,556,26.9206,14.0952,0.3127,0.0304,0.0288
23,7350001,7400000,7373917,1921,477,15.5794,10.2222,0.2076,0.0167,0.0151
23,7400001,7450000,7425870,2084,440,17.7769,5.4683,0.5295,0.0401,0.0374
23,7450001,7500000,7469670,1683,354,17.3104,6.1032,0.4787,0.0464,0.0443
23,7500001,7550000,7528590,1736,371,19.5782,5.7545,0.5457,0.05,0.0473
23,7550001,7600000,7559659,813,226,15.119,4.2549,0.5608,0.0688,0.0657
23,7600001,7650000,7626656,1982,192,2.2222,0.8095,0.466,0.0102,0.0092
23,7850001,7900000,7874578,2133,115,6.8254,3.9683,0.2647,0.038,0.0335
23,7900001,7950000,7923304,2007,338,23.8397,7.0317,0.5444,0.0681,0.0637
23,8150001,8200000,8175349,2078,190,7.8156,2.7575,0.4784,0.0398,0.0379
23,8200001,8250000,8224700,1919,534,29.322,7.2252,0.6046,0.0519,0.0501
23,8250001,8300000,8275476,1966,168,8.6984,0.754,0.8405,0.057,0.0557
23,8350001,8400000,8380698,1444,377,15.6807,8.8016,0.281,0.0241,0.0229
23,8800001,8850000,8826966,2328,118,8.2857,2.127,0.5915,0.0739,0.0659
23,8950001,9000000,8976122,2024,443,8.9524,6.6927,0.1444,0.0065,0.006
23,9000001,9050000,9024247,1870,542,10.6729,4.2918,0.4264,0.0172,0.0153
23,9050001,9100000,9073768,1859,468,9.3095,8.6591,0.0362,0.0019,0.0017
23,9100001,9150000,9125959,1962,438,5.3949,6.0247,-0.0552,-0.0021,-0.0019
23,9150001,9200000,9176531,2471,299,4.8824,2.4524,0.3313,0.0118,0.0106
23,9250001,9300000,9273392,1974,176,6.0,1.0,0.7143,0.038,0.0356
23,9300001,9350000,9315038,1090,290,11.4603,3.3141,0.5514,0.0405,0.0373
23,9350001,9400000,9377427,1222,206,10.9369,4.5079,0.4163,0.0408,0.0388
23,9650001,9700000,9675393,1313,171,7.1032,4.5009,0.2243,0.0203,0.0186
23,9750001,9800000,9775592,1736,124,1.0,3.0238,-0.503,-0.0214,-0.0201
23,10100001,10150000,10125478,1867,192,3.6905,2.0,0.2971,0.0112,0.0103
23,11100001,11150000,11134888,1191,257,13.9264,3.1667,0.6295,0.0515,0.0498
23,11300001,11350000,11326320,1925,166,10.5788,2.0873,0.6704,0.0733,0.0674
23,11400001,11450000,11424755,1892,119,5.8466,2.0952,0.4724,0.0392,0.0372
23,11450001,11500000,11476513,1996,367,21.7907,3.1125,0.75,0.0721,0.0664
23,11500001,11550000,11524128,2097,232,15.9113,3.6111,0.6301,0.0788,0.0726
23,11550001,11600000,11576702,2154,252,27.4274,5.7472,0.6535,0.1467,0.1191
23,11600001,11650000,11624699,2253,356,71.4969,8.985,0.7767,0.2767,0.2456
23,11800001,11850000,11826777,2067,218,22.9265,3.0,0.7686,0.1212,0.1156
23,12000001,12050000,12024127,1998,182,8.0476,3.2167,0.4289,0.0383,0.0352
23,12600001,12650000,12625146,2014,701,19.6341,13.4059,0.1885,0.0145,0.0128
23,12650001,12700000,12673867,2011,334,7.1508,6.1718,0.0735,0.0048,0.004
23,12800001,12850000,12825288,1944,175,12.8968,2.1111,0.7187,0.1088,0.1006
23,12850001,12900000,12874709,2094,663,31.406,9.4805,0.5363,0.0514,0.0474
23,12900001,12950000,12925360,2057,816,31.5781,11.873,0.4535,0.031,0.0296
23,12950001,13000000,12975558,2100,732,39.9155,7.1368,0.6966,0.0577,0.0547
23,13000001,13050000,13025000,2069,686,25.6933,14.9455,0.2645,0.0242,0.022
23,13050001,13100000,13074213,2057,712,35.3333,17.0637,0.3487,0.034,0.0321
23,13100001,13150000,13124783,2298,343,19.5079,4.523,0.6236,0.0567,0.0538
23,13200001,13250000,13224432,2441,266,19.2302,4.0873,0.6494,0.0792,0.0745
23,13250001,13300000,13274725,2089,243,12.5079,1.5156,0.7838,0.0723,0.0689
23,13350001,13400000,13375735,1963,788,51.7252,10.7945,0.6547,0.0723,0.0675
23,13400001,13450000,13423836,1951,314,12.7302,6.2312,0.3427,0.0286,0.027
23,13700001,13750000,13724899,1644,112,5.0952,3.127,0.2394,0.0276,0.0254
23,13750001,13800000,13774197,1555,696,38.5573,14.881,0.4431,0.0497,0.0457
23,13800001,13850000,13825112,1625,688,30.191,12.2857,0.4215,0.0352,0.0338
23,13850001,13900000,13874125,1491,823,17.6429,12.4211,0.1737,0.0084,0.0081
23,13900001,13950000,13926387,1773,687,32.3605,13.8817,0.3996,0.0374,0.0349
23,13950001,14000000,13975436,1771,921,19.071,17.1344,0.0535,0.003,0.0027
23,14000001,14050000,14025995,1642,584,11.0714,8.1887,0.1497,0.0068,0.0061
23,14150001,14200000,14176562,1925,242,14.2894,3.0079,0.6522,0.0604,0.0579
23,14200001,14250000,14225194,1871,543,46.9024,13.0635,0.5643,0.0857,0.081
23,15000001,15050000,15025908,1822,104,6.0317,3.6435,0.2468,0.0395,0.0357
23,15050001,15100000,15075669,1759,819,33.8705,7.2302,0.6482,0.0469,0.0452
23,15100001,15150000,15125016,1741,805,27.3774,9.3018,0.4928,0.0298,0.0288
23,15150001,15200000,15176680,1896,673,20.6579,9.0856,0.3891,0.0237,0.0223
23,15250001,15300000,15277267,2018,523,13.7162,7.5091,0.2924,0.0184,0.0171
23,15300001,15350000,15324929,1630,694,23.0782,10.0794,0.392,0.0329,0.0306
23,15350001,15400000,15374656,1748,532,16.6804,7.8571,0.3596,0.0266,0.0253
23,16000001,16050000,16025476,1979,758,46.127,11.0283,0.6141,0.0833,0.077
23,16050001,16100000,16074915,1806,677,64.783,19.9925,0.5283,0.0938,0.0861
23,16100001,16150000,16123786,1659,615,38.49,15.9349,0.4144,0.0539,0.0487
23,16250001,16300000,16272590,1405,398,31.4356,6.8413,0.6425,0.106,0.0922
23,16400001,16450000,16423932,1749,153,8.8086,1.0081,0.7946,0.0741,0.0701
23,16450001,16500000,16477726,1648,522,25.3012,3.119,0.7805,0.0584,0.0562
23,16500001,16550000,16524792,1737,610,15.6905,7.477,0.3545,0.0195,0.0182
23,16550001,16600000,16575736,1855,418,10.9272,6.0714,0.2857,0.0171,0.0156
23,16850001,16900000,16875598,2003,298,15.9841,5.2977,0.5021,0.0482,0.0436
23,16900001,16950000,16925364,1803,583,53.9295,9.6667,0.696,0.1105,0.1014
23,16950001,17000000,16975477,1940,687,30.4928,16.2719,0.3041,0.0291,0.0262
23,17000001,17050000,17025812,1771,676,16.2225,8.9295,0.29,0.0161,0.0147
23,17050001,17100000,17074566,1889,704,10.8889,18.9414,-0.2699,-0.0171,-0.0154
23,17100001,17150000,17125745,1874,721,25.7931,31.0306,-0.0922,-0.0121,-0.0099
23,17150001,17200000,17175291,1658,481,15.9996,18.3577,-0.0686,-0.0083,-0.0068
23,17200001,17250000,17225616,1876,713,18.523,18.4124,0.003,0.0002,0.0002
23,17250001,17300000,17273276,2075,713,22.1905,21.5964,0.0136,0.0012,0.0011
23,17300001,17350000,17325210,1828,641,28.3235,15.7619,0.2849,0.0277,0.0247
23,17350001,17400000,17375582,1951,633,29.5396,8.7076,0.5447,0.044,0.041
23,17850001,17900000,17873885,2004,315,22.6047,3.2092,0.7514,0.0992,0.0925
23,17900001,17950000,17925672,2469,219,14.8568,2.0317,0.7594,0.0921,0.0826
23,18000001,18050000,18024549,2101,455,24.6349,14.123,0.2712,0.0325,0.03
23,18050001,18100000,18074608,1881,215,14.1411,6.0317,0.402,0.0452,0.0428
23,18450001,18500000,18475042,2287,302,16.9117,4.2937,0.595,0.0625,0.0573
23,19050001,19100000,19093821,504,129,5.9048,0.0238,0.992,0.0738,0.0663
23,19100001,19150000,19124975,2270,803,53.5973,10.9422,0.6609,0.0932,0.0794
23,19150001,19200000,19175283,2029,705,23.8637,11.9901,0.3312,0.0287,0.0244
23,19200001,19250000,19224140,2165,722,21.9679,19.3921,0.0623,0.0053,0.0044
23,19250001,19300000,19276438,2102,794,19.841,19.1754,0.0171,0.0013,0.0011
23,19300001,19350000,19325658,2190,796,24.3358,16.1219,0.203,0.017,0.0141
23,19350001,19400000,19374426,2403,656,25.4255,18.8215,0.1493,0.0167,0.0139
23,19400001,19450000,19424776,2160,777,27.5325,16.1987,0.2592,0.0232,0.0204
23,19450001,19500000,19475084,2122,593,33.2302,12.3492,0.4581,0.0483,0.0455
23,19850001,19900000,19875478,2105,560,26.5165,11.6907,0.388,0.0452,0.0413
23,19900001,19950000,19923822,2048,587,32.4046,16.2823,0.3311,0.041,0.0367
23,19950001,20000000,19974661,2210,232,9.4638,5.2302,0.2881,0.0277,0.0239
23,20750001,20800000,20775094,937,128,14.4792,1.0873,0.8603,0.3129,0.2499
23,21100001,21150000,21128089,1351,322,19.935,9.0212,0.3769,0.0956,0.074
23,21150001,21200000,21175009,1526,279,23.2277,14.0317,0.2468,0.0861,0.064
23,21300001,21350000,21321305,996,105,19.1425,0.127,0.9868,0.5708,0.4822
23,22250001,22300000,22274883,1045,164,22.373,5.4709,0.607,0.256,0.1789
23,23350001,23400000,23372014,927,150,19.5394,4.5293,0.6236,0.3756,0.2404
