scaffold,start,end,mid,sites,sitesUsed,ABBA,BABA,D,fd,fdM
23,700001,750000,725068,2414,178,43.5113,1.3823,0.9384,0.4703,0.4158
23,750001,800000,775525,2371,339,91.0823,7.796,0.8423,0.5031,0.4176
23,800001,850000,825182,4040,415,48.2192,15.162,0.5216,0.2446,0.1689
23,1550001,1600000,1574714,1955,160,71.7837,3.2778,0.9127,0.6347,0.5599
23,1600001,1650000,1625732,2108,511,235.5876,6.4422,0.9468,0.6402,0.5796
23,1650001,1700000,1675428,2125,618,335.389,5.8016,0.966,0.7329,0.6578
23,1700001,1750000,1725991,1874,458,216.1711,2.7698,0.9747,0.724,0.6602
23,1750001,1800000,1774467,1953,440,157.3116,7.3651,0.9106,0.5792,0.4979
23,1950001,2000000,1974770,2250,155,47.1386,0.9126,0.962,0.4803,0.429
23,3650001,3700000,3674298,2273,283,66.5809,7.9444,0.7868,0.2865,0.2586
23,3700001,3750000,3720259,1669,301,117.6032,3.0487,0.9495,0.5822,0.521
23,4150001,4200000,4158662,1431,118,39.4603,0.0,1.0,0.8374,0.7718
23,5150001,5200000,5175082,1914,484,214.0493,1.1032,0.9897,0.8243,0.7372
23,5700001,5750000,5724521,2172,109,40.3016,3.2079,0.8525,0.8041,0.5858
23,5750001,5800000,5776283,2084,405,196.6101,5.0536,0.9499,0.7928,0.7104
23,5800001,5850000,5823616,1892,380,237.2074,0.1905,0.9984,0.9067,0.827
23,5850001,5900000,5873843,2214,527,276.8127,0.682,0.9951,0.9278,0.8216
23,5900001,5950000,5925539,2046,315,184.1545,0.2381,0.9974,0.9218,0.841
23,5950001,6000000,5975985,2111,462,223.4908,3.4342,0.9697,0.8096,0.7284
23,6000001,6050000,6025183,2282,151,50.5229,6.6661,0.7669,0.6618,0.5508
23,6600001,6650000,6623763,1905,451,101.9841,10.9048,0.8068,0.3111,0.24
23,6650001,6700000,6676656,2013,163,31.4762,2.0413,0.8782,0.2757,0.2216
23,7300001,7350000,7323792,1929,408,250.4365,0.0952,0.9992,0.9365,0.817
23,7350001,7400000,7373917,1921,407,197.4273,10.1407,0.9023,0.8328,0.6616
23,7400001,7450000,7425870,2084,345,183.6577,0.3333,0.9964,0.8262,0.7478
23,7450001,7500000,7469670,1683,272,138.7357,0.5635,0.9919,0.9173,0.8132
23,7500001,7550000,7528590,1736,274,157.1714,0.7545,0.9904,0.893,0.792
23,7550001,7600000,7559659,813,180,80.9279,1.2549,0.9695,0.7883,0.714
23,7600001,7650000,7626656,1982,140,72.4921,0.8095,0.9779,0.9359,0.7008
23,7900001,7950000,7923304,2007,287,131.427,2.0317,0.9696,0.6926,0.6137
23,8000001,8050000,8026994,2268,276,97.0569,4.7143,0.9074,0.5885,0.5089
23,8050001,8100000,8073867,1732,286,82.6111,10.1905,0.7804,0.4929,0.385
23,8100001,8150000,8127277,2373,254,120.441,2.0765,0.9661,0.6782,0.6145
23,8150001,8200000,8175349,2078,243,102.2439,2.0512,0.9607,0.7605,0.6321
23,8200001,8250000,8224700,1919,422,253.6749,2.2252,0.9826,0.8193,0.7617
23,8250001,8300000,8275476,1966,123,83.9683,0.754,0.9822,0.8976,0.8248
23,8350001,8400000,8380698,1444,288,172.783,0.2222,0.9974,0.9131,0.837
23,8800001,8850000,8826966,2328,101,39.3175,1.0,0.9504,0.6036,0.501
23,8950001,9000000,8976122,2024,330,198.4683,1.5895,0.9841,0.9212,0.7308
23,9000001,9050000,9024247,1870,392,183.5539,2.2838,0.9754,0.8561,0.6369
23,9050001,9100000,9073768,1859,341,185.32,2.6591,0.9717,0.9212,0.695
23,9100001,9150000,9125959,1962,348,155.94,2.0247,0.9744,0.8507,0.6285
23,9150001,9200000,9176531,2471,214,98.4286,1.4524,0.9709,0.8436,0.6423
23,9250001,9300000,9273392,1974,120,67.2222,1.0,0.9707,0.9391,0.7929
23,9300001,9350000,9315038,1090,246,115.2619,2.3141,0.9606,0.8024,0.697
23,9350001,9400000,9377427,1222,161,107.9762,0.5079,0.9906,0.9635,0.912
23,9650001,9700000,9675393,1313,165,83.5794,9.9444,0.7873,0.7495,0.6119
23,9750001,9800000,9775592,1736,162,83.619,5.0238,0.8867,0.8631,0.66
23,10100001,10150000,10125478,1867,156,75.4683,4.0,0.8993,0.7726,0.5787
23,11100001,11150000,11134888,1191,195,136.3547,0.1587,0.9977,0.9439,0.849
23,11300001,11350000,11326320,1925,142,82.8646,0.0873,0.9979,0.9476,0.8081
23,11400001,11450000,11424755,1892,103,51.8466,0.0952,0.9963,0.7027,0.618
23,11450001,11500000,11476513,1996,344,95.0983,10.0238,0.8093,0.4056,0.349
23,11500001,11550000,11524128,2097,213,46.9113,3.6111,0.857,0.3489,0.2959
23,11550001,11600000,11576702,2154,243,64.0635,7.8345,0.7821,0.4644,0.3527
23,11600001,11650000,11624699,2253,367,66.0122,8.1429,0.7804,0.2486,0.2144
23,11800001,11850000,11826777,2067,186,74.6654,2.0,0.9478,0.5839,0.5174
23,12000001,12050000,12024127,1998,153,79.0794,1.2167,0.9697,0.8644,0.7397
23,12200001,12250000,12225575,2081,360,199.9467,0.0238,0.9998,0.9007,0.7997
23,12600001,12650000,12625146,2014,611,215.0098,13.9762,0.8779,0.7857,0.5926
23,12650001,12700000,12673867,2011,295,93.1518,7.3413,0.8539,0.6679,0.4853
23,12800001,12850000,12825288,1944,143,50.8413,4.0873,0.8512,0.7258,0.6191
23,12850001,12900000,12874709,2094,572,220.2894,25.4329,0.793,0.706,0.5621
23,12900001,12950000,12925360,2057,612,388.9078,0.8333,0.9957,0.9482,0.8501
23,12950001,13000000,12975558,2100,555,344.6536,1.1368,0.9934,0.9388,0.8127
23,13000001,13050000,13025000,2069,608,259.7895,20.4455,0.8541,0.794,0.6507
23,13050001,13100000,13074213,2057,532,318.3193,0.159,0.999,0.9111,0.8214
23,13100001,13150000,13124783,2298,257,156.1495,2.5079,0.9684,0.9189,0.7936
23,13200001,13250000,13224432,2441,229,101.2302,0.0873,0.9983,0.6789,0.5912
23,13250001,13300000,13274725,2089,216,99.4829,1.5156,0.97,0.8179,0.7301
23,13350001,13400000,13375735,1963,654,299.28,2.7866,0.9815,0.69,0.6346
23,13400001,13450000,13423836,1951,241,103.1749,1.1994,0.977,0.6528,0.6018
23,13700001,13750000,13724899,1644,101,43.0952,1.127,0.949,0.8702,0.7072
23,13750001,13800000,13774197,1555,575,284.2047,10.3254,0.9299,0.8215,0.7213
23,13800001,13850000,13825112,1625,521,306.8217,0.2857,0.9981,0.9373,0.8368
23,13850001,13900000,13874125,1491,631,367.2127,0.4211,0.9977,0.8925,0.809
23,13900001,13950000,13926387,1773,564,242.3627,7.8817,0.937,0.6636,0.5678
23,13950001,14000000,13975436,1771,690,264.8974,8.8254,0.9355,0.6522,0.5169
23,14000001,14050000,14025995,1642,461,179.2459,4.1887,0.9543,0.6235,0.5109
23,14150001,14200000,14176562,1925,192,127.0281,0.0079,0.9999,0.9454,0.8799
23,14200001,14250000,14225194,1871,440,253.7301,0.1746,0.9986,0.937,0.8631
23,15050001,15100000,15075669,1759,619,322.6125,0.1429,0.9991,0.8514,0.781
23,15100001,15150000,15125016,1741,593,350.7963,0.3257,0.9981,0.9045,0.847
23,15150001,15200000,15176680,1896,518,296.4973,1.0856,0.9927,0.92,0.805
23,15250001,15300000,15277267,2018,426,180.8993,3.5556,0.9614,0.8291,0.7228
23,15300001,15350000,15324929,1630,603,210.059,14.4762,0.8711,0.7179,0.6053
23,15350001,15400000,15374656,1748,440,189.1752,2.3571,0.9754,0.7901,0.6968
23,16000001,16050000,16025476,1979,676,192.8985,4.9046,0.9504,0.5428,0.4997
23,16050001,16100000,16074915,1806,641,196.3624,15.0004,0.8581,0.4506,0.3904
23,16100001,16150000,16123786,1659,599,233.6077,13.1174,0.8937,0.611,0.5067
23,16150001,16200000,16174840,1928,741,379.5373,2.5397,0.9867,0.6882,0.6683
23,16200001,16250000,16223129,1975,727,298.7254,6.2698,0.9589,0.6033,0.5635
23,16250001,16300000,16272590,1405,365,118.2054,7.6825,0.8779,0.5937,0.4687
23,16400001,16450000,16423932,1749,104,46.0714,0.0081,0.9996,0.8678,0.7188
23,16450001,16500000,16477726,1648,401,225.6393,9.119,0.9223,0.8717,0.7584
23,16500001,16550000,16524792,1737,499,225.0556,11.5167,0.9026,0.7784,0.6702
23,16550001,16600000,16575736,1855,348,148.9145,6.5483,0.9158,0.7693,0.6205
23,16850001,16900000,16875598,2003,248,130.1905,5.2977,0.9218,0.8458,0.702
23,16900001,16950000,16925364,1803,483,212.9677,10.7222,0.9041,0.7512,0.627
23,16950001,17000000,16975477,1940,572,279.4711,9.5198,0.9341,0.8082,0.6542
23,17000001,17050000,17025812,1771,572,239.1615,11.3041,0.9097,0.7172,0.5944
23,17050001,17100000,17074566,1889,595,217.4444,20.5397,0.8274,0.676,0.4823
23,17100001,17150000,17125745,1874,650,162.9208,19.8928,0.7824,0.4526,0.3387
23,17150001,17200000,17175291,1658,460,108.0286,16.7921,0.7309,0.4118,0.2916
23,17200001,17250000,17225616,1876,669,199.0289,15.4124,0.8563,0.5177,0.4042
23,17250001,17300000,17273276,2075,609,163.9206,11.5964,0.8679,0.4705,0.3589
23,17300001,17350000,17325210,1828,544,173.7842,12.6746,0.864,0.4908,0.4112
23,17350001,17400000,17375582,1951,513,223.3959,5.7238,0.95,0.6796,0.595
23,17850001,17900000,17873885,2004,278,80.5888,4.2092,0.9007,0.5141,0.4396
23,17900001,17950000,17925672,2469,209,71.8568,8.0317,0.7989,0.5745,0.4981
23,18000001,18050000,18024549,2101,428,145.5635,11.0952,0.8584,0.4986,0.4299
23,18050001,18100000,18074608,1881,197,115.8157,1.0317,0.9823,0.7294,0.6939
23,18450001,18500000,18475042,2287,245,101.491,2.2698,0.9562,0.7225,0.6067
23,19050001,19100000,19093821,504,115,40.9286,2.0238,0.9058,0.738,0.507
23,19100001,19150000,19124975,2270,701,239.4821,14.9696,0.8823,0.7519,0.5101
23,19150001,19200000,19175283,2029,602,192.7976,14.7409,0.8579,0.6729,0.4698
23,19200001,19250000,19224140,2165,618,237.9762,14.9715,0.8816,0.7022,0.5059
23,19250001,19300000,19276438,2102,660,240.7534,16.7063,0.8702,0.7662,0.5463
23,19300001,19350000,19325658,2190,680,188.9157,19.0108,0.8171,0.5137,0.3728
23,19350001,19400000,19374426,2403,621,143.8817,10.0428,0.8695,0.4273,0.3243
23,19400001,19450000,19424776,2160,676,175.5922,12.0717,0.8713,0.416,0.3516
23,19450001,19500000,19475084,2122,484,237.0479,2.3492,0.9804,0.7231,0.6708
23,19850001,19900000,19875478,2105,503,159.5336,10.9054,0.872,0.5587,0.4827
23,19900001,19950000,19923822,2048,557,183.0396,16.6236,0.8335,0.5249,0.4293
23,19950001,20000000,19974661,2210,229,78.44,8.2302,0.8101,0.5668,0.4382
23,20750001,20800000,20775094,937,125,34.1301,1.0873,0.9383,0.756,0.6062
23,21100001,21150000,21128089,1351,336,58.6816,9.093,0.7317,0.3776,0.3051
23,21150001,21200000,21175009,1526,306,29.4903,14.1025,0.353,0.1025,0.087
23,21300001,21350000,21321305,996,113,28.904,0.127,0.9913,0.7449,0.6577
23,22250001,22300000,22274883,1045,184,32.2698,4.6091,0.75,0.2979,0.2297
23,22400001,22450000,22424286,1878,127,17.9994,0.7302,0.922,0.3135,0.2629
23,22450001,22500000,22468805,1625,155,21.9803,2.4127,0.8022,0.3234,0.267
23,23350001,23400000,23372014,927,151,35.7458,1.4411,0.9225,0.7157,0.5202
23,23400001,23450000,23421646,1403,101,33.4506,0.3175,0.9812,0.705,0.5786
