scaffold,start,end,mid,sites,sitesUsed,ABBA,BABA,D,fd,fdM
13,1100001,1150000,1127265,1516,419,32.7994,4.6338,0.7524,0.2536,0.2094
13,1150001,1200000,1173340,1900,382,31.5131,4.8029,0.7355,0.2705,0.2042
13,1200001,1250000,1225840,1959,428,52.4862,7.4733,0.7507,0.312,0.2636
13,1700001,1750000,1724193,3212,417,54.4353,11.0526,0.6625,0.334,0.2564
13,1750001,1800000,1774443,1878,387,51.1551,3.9791,0.8557,0.3258,0.2686
13,1800001,1850000,1824756,2040,330,51.4471,4.8825,0.8266,0.369,0.3084
13,1850001,1900000,1873904,1674,535,63.1734,7.6786,0.7833,0.3066,0.2595
13,1900001,1950000,1926196,1422,221,24.8517,3.0472,0.7816,0.2586,0.2178
13,2200001,2250000,2226000,1410,127,26.5918,4.959,0.6856,0.3415,0.2801
13,2700001,2750000,2722570,1478,269,56.2057,6.2724,0.7992,0.3461,0.2927
13,2750001,2800000,2771799,1454,311,36.8773,6.1435,0.7144,0.24,0.1906
13,3200001,3250000,3223327,1218,270,35.1243,2.6746,0.8585,0.2892,0.2601
13,4100001,4150000,4126437,1109,155,17.7937,1.7381,0.822,0.2222,0.1855
13,4350001,4400000,4374824,1630,114,15.8721,3.2143,0.6632,0.2658,0.2117
13,4400001,4450000,4429294,1515,150,18.6032,3.9048,0.653,0.1902,0.1701
13,4500001,4550000,4528906,1708,486,53.0982,37.3665,0.1739,0.0826,0.0557
13,4550001,4600000,4573716,1580,486,33.4199,41.2426,-0.1048,-0.0459,-0.0289
13,4600001,4650000,4625790,1821,545,53.5293,44.9272,0.0874,0.0422,0.0263
13,4650001,4700000,4670785,1186,282,18.3728,13.0802,0.1683,0.0512,0.0383
13,4700001,4750000,4726261,1900,121,26.9102,4.7853,0.698,0.4441,0.3487
13,4800001,4850000,4823271,1134,151,24.4413,4.5055,0.6887,0.3385,0.2793
13,4850001,4900000,4876245,1247,308,38.4667,5.1429,0.7641,0.2954,0.232
13,4900001,4950000,4922314,863,260,34.974,5.3635,0.7341,0.2941,0.2356
13,4950001,5000000,4975937,1081,420,33.892,4.2308,0.778,0.1998,0.1676
13,5000001,5050000,5022021,1012,106,13.9409,2.2063,0.7267,0.2595,0.2008
13,5550001,5600000,5574976,1127,249,34.9189,1.9524,0.8941,0.3768,0.3078
13,5600001,5650000,5629290,1078,261,30.7156,0.9286,0.9413,0.4034,0.3405
13,5650001,5700000,5677250,1147,311,45.8899,2.0297,0.9153,0.3295,0.2873
13,5700001,5750000,5723963,1205,413,59.5534,4.1697,0.8691,0.3075,0.2565
13,5750001,5800000,5774031,1163,428,54.4055,3.6165,0.8753,0.2948,0.2521
13,5800001,5850000,5825559,860,475,42.0087,7.6473,0.692,0.2189,0.1815
13,5850001,5900000,5876147,1209,603,19.7056,10.0479,0.3246,0.0598,0.0421
13,5900001,5950000,5924858,1196,383,4.0397,2.5399,0.2279,0.0171,0.0113
13,5950001,6000000,5974401,926,284,7.0776,4.932,0.1787,0.0461,0.0237
13,6000001,6050000,6025191,1078,375,10.2926,2.7055,0.5837,0.0831,0.0521
13,6050001,6100000,6073729,1141,354,13.6347,4.4974,0.5039,0.0989,0.0628
13,6250001,6300000,6274411,1141,399,30.7988,9.1354,0.5425,0.1827,0.1361
13,6300001,6350000,6324807,1063,355,48.49,8.6033,0.6986,0.2853,0.2391
13,6350001,6400000,6374285,1041,298,30.5785,2.8756,0.8281,0.2991,0.2655
13,6400001,6450000,6421931,1271,280,24.3404,4.8825,0.6658,0.2597,0.1987
13,6750001,6800000,6775945,1128,240,16.8425,4.4762,0.5801,0.1975,0.1422
13,6800001,6850000,6823973,1049,137,13.8254,1.8889,0.7596,0.3824,0.3075
13,6950001,7000000,6974513,1188,165,20.5896,1.8149,0.838,0.309,0.2684
13,7200001,7250000,7226118,1016,295,28.6863,4.3155,0.7385,0.2766,0.2279
13,7250001,7300000,7273799,1362,585,56.8154,7.5809,0.7646,0.2773,0.2344
13,7300001,7350000,7323608,1018,370,28.8069,5.3141,0.6885,0.2307,0.1763
13,7350001,7400000,7376321,1007,390,36.452,5.5643,0.7351,0.2481,0.2137
13,7400001,7450000,7424048,1316,629,86.6998,10.2114,0.7893,0.2474,0.2178
13,7450001,7500000,7472641,1034,389,38.9869,3.5853,0.8316,0.2871,0.2492
13,7500001,7550000,7525060,964,392,34.4917,2.0977,0.8853,0.2278,0.1964
13,7550001,7600000,7569446,1208,197,15.4929,0.1897,0.9758,0.2374,0.2078
13,7600001,7650000,7623707,1017,297,20.1478,3.4937,0.7044,0.2146,0.1675
13,7650001,7700000,7674527,887,307,19.0769,4.5987,0.6115,0.1763,0.1383
13,7700001,7750000,7724037,1168,194,16.7222,3.2238,0.6768,0.2557,0.1928
13,7750001,7800000,7772987,929,189,8.1342,5.9444,0.1555,0.0436,0.0335
13,7800001,7850000,7824624,928,252,29.3171,5.549,0.6817,0.2432,0.1882
13,7850001,7900000,7873718,962,349,47.8435,5.6374,0.7892,0.3004,0.2482
13,7900001,7950000,7926429,1012,306,22.749,2.3016,0.8162,0.211,0.1592
13,7950001,8000000,7974004,1520,407,41.2365,5.4444,0.7667,0.2922,0.2359
13,8000001,8050000,8025147,762,336,29.2658,6.0527,0.6573,0.2204,0.178
13,8100001,8150000,8130549,1162,345,33.8755,9.0544,0.5782,0.2254,0.173
13,8150001,8200000,8175324,767,222,21.206,2.4599,0.7921,0.1977,0.1817
13,8550001,8600000,8577604,1281,109,12.9603,1.3968,0.8054,0.2495,0.2077
13,8600001,8650000,8624488,931,367,43.0636,2.5164,0.8896,0.3044,0.2335
13,9000001,9050000,9024612,957,211,20.4683,3.3492,0.7188,0.3735,0.2771
13,9050001,9100000,9074965,955,465,34.7421,6.7459,0.6748,0.2556,0.1977
13,9100001,9150000,9123753,875,480,47.3821,3.9912,0.8446,0.3102,0.2584
13,9150001,9200000,9176718,1102,609,32.5767,6.4692,0.6686,0.2113,0.1727
13,9200001,9250000,9224392,905,475,38.4925,6.9347,0.6947,0.2794,0.213
13,9250001,9300000,9273033,1002,408,16.767,4.3286,0.5896,0.1806,0.1372
13,9300001,9350000,9319077,1628,259,14.6972,1.4048,0.8255,0.3318,0.2586
13,9350001,9400000,9377576,880,537,36.6915,4.3614,0.7875,0.286,0.2301
13,9400001,9450000,9426376,1158,558,36.1586,3.4286,0.8268,0.3158,0.2609
13,9450001,9500000,9475537,902,420,35.2764,4.4686,0.7751,0.2718,0.2401
13,9500001,9550000,9525493,1078,361,30.3108,2.3948,0.8536,0.3024,0.2496
13,9550001,9600000,9574344,1021,374,29.8934,8.2896,0.5658,0.2849,0.2015
13,9600001,9650000,9626060,1140,298,31.3098,5.1393,0.718,0.2914,0.2435
13,9650001,9700000,9674971,1117,428,36.0964,4.9193,0.7601,0.3007,0.2522
13,9700001,9750000,9725129,1023,127,10.9163,0.5323,0.907,0.2973,0.2648
13,9900001,9950000,9924922,1688,219,22.2358,5.246,0.6182,0.1858,0.1592
13,9950001,10000000,9970946,1431,457,28.1742,12.0476,0.4009,0.0643,0.0572
13,10100001,10150000,10122106,778,183,7.7619,1.9603,0.5967,0.1668,0.1348
13,10250001,10300000,10274235,845,287,16.0443,6.119,0.4478,0.1435,0.092
13,10700001,10750000,10723071,1158,104,11.1795,1.0159,0.8334,0.3315,0.2901
13,10850001,10900000,10875145,744,171,10.002,4.8651,0.3455,0.1337,0.1014
13,11300001,11350000,11326629,994,194,13.0335,2.254,0.7051,0.1997,0.182
13,11450001,11500000,11476327,864,395,16.8702,10.0143,0.255,0.0639,0.0443
13,11600001,11650000,11624865,881,359,24.6083,9.1617,0.4574,0.148,0.108
13,11650001,11700000,11675148,901,322,11.9365,3.2247,0.5746,0.1151,0.0914
13,11700001,11750000,11725176,790,256,4.8506,2.3333,0.3504,0.0478,0.0304
13,11750001,11800000,11776852,796,323,19.324,3.8822,0.6654,0.2399,0.1595
13,11800001,11850000,11828970,714,213,10.8333,2.4201,0.6348,0.1604,0.1028
13,11850001,11900000,11876678,832,277,22.7138,3.6513,0.723,0.1949,0.1419
13,11900001,11950000,11926662,842,318,38.5516,3.0635,0.8528,0.3117,0.2619
13,11950001,12000000,11976488,918,280,25.3311,3.498,0.7573,0.232,0.1964
13,12000001,12050000,12026238,761,357,26.7547,3.0401,0.7959,0.2392,0.2028
13,12050001,12100000,12075433,986,449,37.8082,2.0512,0.8971,0.3053,0.2549
13,12100001,12150000,12124861,983,350,30.8759,9.0587,0.5463,0.1701,0.1397
13,12150001,12200000,12174151,863,338,32.1898,5.2841,0.718,0.2574,0.2262
13,12200001,12250000,12223678,961,420,24.4948,4.9347,0.6646,0.189,0.1553
13,12250001,12300000,12276595,782,342,21.0727,3.9167,0.6865,0.2153,0.1795
13,12300001,12350000,12325981,595,121,14.1984,1.2862,0.8339,0.4211,0.3317
13,12650001,12700000,12670500,1051,100,5.1111,1.0238,0.6662,0.1935,0.1667
13,12900001,12950000,12925187,862,116,12.1032,0.0083,0.9986,0.2402,0.2267
13,12950001,13000000,12974104,917,327,21.7982,1.4286,0.877,0.2045,0.163
13,13000001,13050000,13030828,1301,301,17.478,4.0238,0.6257,0.2063,0.1639
13,13050001,13100000,13072876,1325,395,40.5549,3.5254,0.84,0.3517,0.2829
13,13100001,13150000,13125469,678,248,17.1368,0.5873,0.9337,0.345,0.2782
13,13200001,13250000,13222977,871,108,9.5401,0.7874,0.8475,0.3524,0.2716
13,14000001,14050000,14020701,727,227,15.3007,6.2698,0.4187,0.1885,0.1347
13,14050001,14100000,14075919,695,307,24.968,8.3053,0.5008,0.2503,0.1762
13,14100001,14150000,14124846,700,314,24.3502,1.0159,0.9199,0.3119,0.2799
13,14150001,14200000,14174589,561,272,18.7963,1.2063,0.8794,0.294,0.2306
13,14200001,14250000,14223975,671,310,25.5789,4.9742,0.6744,0.238,0.1845
13,14250001,14300000,14275446,949,395,35.6058,8.8782,0.6008,0.2145,0.1731
13,14300001,14350000,14325411,749,239,20.8782,2.0397,0.822,0.3353,0.2876
13,14350001,14400000,14377749,760,261,14.8484,0.381,0.95,0.268,0.2359
13,14400001,14450000,14421167,725,149,22.3076,1.3571,0.8853,0.3303,0.3006
13,14450001,14500000,14474913,834,169,18.1992,2.4051,0.7665,0.3149,0.2727
13,14500001,14550000,14522465,899,392,28.3635,5.2876,0.6857,0.26,0.2092
13,14550001,14600000,14576247,816,387,44.4348,1.787,0.9227,0.3644,0.3053
13,14600001,14650000,14622904,828,425,36.0781,2.6056,0.8653,0.3053,0.2524
13,14650001,14700000,14675979,651,359,24.559,5.2135,0.6498,0.2315,0.1891
13,14700001,14750000,14726445,793,219,16.1575,1.5257,0.8274,0.2388,0.1958
13,14900001,14950000,14927322,889,116,11.145,1.9683,0.6998,0.2771,0.1977
13,14950001,15000000,14969505,577,257,20.4744,4.5159,0.6386,0.2211,0.1683
13,15000001,15050000,15025745,807,219,15.309,3.3026,0.6451,0.2228,0.1615
13,15100001,15150000,15127402,710,282,20.3751,1.6745,0.8481,0.2543,0.209
13,15150001,15200000,15173038,505,265,24.246,3.8258,0.7274,0.3762,0.2804
13,15200001,15250000,15224984,755,163,9.9683,2.2302,0.6344,0.2953,0.1864
13,15400001,15450000,15421666,756,245,15.5305,0.4683,0.9415,0.362,0.2954
13,15450001,15500000,15474548,856,169,14.7143,0.2063,0.9723,0.3391,0.2846
13,15650001,15700000,15678544,1010,370,34.5587,0.3571,0.9795,0.288,0.2532
13,15700001,15750000,15727724,683,152,13.4683,0.6927,0.9022,0.3679,0.3262
13,15750001,15800000,15773401,477,236,7.4841,0.6667,0.8364,0.2393,0.222
13,15800001,15850000,15829831,728,339,20.6363,2.9921,0.7467,0.3246,0.263
13,15850001,15900000,15873883,746,344,24.1905,4.2788,0.6994,0.2749,0.209
13,15900001,15950000,15923332,613,257,16.9599,4.5485,0.577,0.2735,0.1949
13,15950001,16000000,15973115,628,253,22.947,0.9685,0.919,0.3187,0.2846
13,16000001,16050000,16028847,1064,226,16.3651,4.5159,0.5675,0.2281,0.1794
13,16050001,16100000,16076109,893,241,14.8479,3.7707,0.595,0.1996,0.1425
13,16100001,16150000,16120132,740,183,11.6419,3.0952,0.5799,0.3842,0.2446
13,16150001,16200000,16172764,522,177,9.7778,1.7619,0.6946,0.3498,0.2388
13,16250001,16300000,16274395,881,118,6.0952,2.2381,0.4629,0.191,0.1459
13,16300001,16350000,16320123,650,244,12.9696,2.3095,0.6977,0.2325,0.162
13,16350001,16400000,16373132,734,260,13.8016,4.6746,0.494,0.1696,0.1272
13,16400001,16450000,16431618,1145,179,13.2712,1.8077,0.7602,0.2924,0.2295
13,16450001,16500000,16469523,547,185,13.8332,2.0317,0.7439,0.4023,0.3071
13,16500001,16550000,16525845,638,167,17.6663,2.5108,0.7511,0.4226,0.307
13,16550001,16600000,16577045,563,182,10.921,1.422,0.7696,0.2877,0.1962
13,16600001,16650000,16625303,798,265,16.2163,0.7778,0.9085,0.3242,0.2363
13,16650001,16700000,16674354,469,184,16.8881,2.6111,0.7322,0.2943,0.2375
13,16700001,16750000,16726747,683,277,22.0316,2.0317,0.8311,0.3084,0.2451
13,16750001,16800000,16777510,580,191,11.6612,1.1431,0.8214,0.4104,0.2785
13,16800001,16850000,16826943,487,164,13.4683,0.1508,0.9779,0.3829,0.3102
13,17100001,17150000,17126859,792,104,7.9474,1.0,0.7765,0.3034,0.2131
13,17300001,17350000,17325199,786,203,19.495,3.0878,0.7265,0.2083,0.1746
13,17350001,17400000,17378281,834,253,27.373,1.4603,0.8987,0.2927,0.2316
13,17400001,17450000,17426582,895,204,24.8254,0.1587,0.9873,0.3039,0.2857
13,17450001,17500000,17476724,716,142,13.7334,2.5159,0.6903,0.249,0.2065
13,17850001,17900000,17873066,1196,136,13.5005,1.0556,0.855,0.3035,0.2697
13,17900001,17950000,17923654,878,240,31.3679,2.3968,0.858,0.3537,0.2957
13,18100001,18150000,18124936,651,298,23.7257,3.4059,0.7489,0.2486,0.1896
13,18150001,18200000,18169977,849,270,24.0317,2.4872,0.8124,0.2496,0.2088
13,18200001,18250000,18213272,489,161,14.2593,1.2222,0.8421,0.2378,0.1889
13,18350001,18400000,18383738,708,118,5.881,0.3333,0.8927,0.1388,0.1282
13,18400001,18450000,18426438,806,401,31.7063,1.4937,0.91,0.2234,0.1979
13,18450001,18500000,18476961,842,273,40.7688,1.6516,0.9221,0.3497,0.3024
13,18500001,18550000,18525802,665,341,30.467,2.1443,0.8685,0.319,0.2624
13,18550001,18600000,18574332,759,253,33.3071,6.1062,0.6901,0.2546,0.2216
13,18600001,18650000,18626540,830,222,26.8209,1.9228,0.8662,0.3278,0.281
13,18650001,18700000,18674625,1083,283,38.5445,1.0401,0.9475,0.3296,0.2947
13,18700001,18750000,18722275,1043,225,36.8872,7.0952,0.6774,0.3103,0.2485
13,18750001,18800000,18777126,986,320,12.8802,2.6667,0.657,0.0883,0.061
13,19150001,19200000,19175486,1510,304,4.8616,14.0152,-0.4849,-0.1,-0.0636
13,19500001,19550000,19528490,1841,188,4.75,6.873,-0.1827,-0.0356,-0.0233
13,19650001,19700000,19677015,1429,128,10.357,3.4921,0.4957,0.1724,0.126
13,20300001,20350000,20325449,805,216,17.627,3.4113,0.6757,0.1587,0.1249
13,20350001,20400000,20376894,1288,222,20.1591,4.3889,0.6424,0.185,0.1487
13,20400001,20450000,20424228,766,203,30.2376,3.0397,0.8173,0.3565,0.2914
13,20550001,20600000,20573140,500,102,12.7698,1.3068,0.8143,0.349,0.3173
13,20600001,20650000,20625569,462,201,10.0,0.7788,0.8555,0.1936,0.1457
13,20650001,20700000,20677655,679,217,4.6812,3.6662,0.1216,0.0346,0.0174
13,20700001,20750000,20719880,1110,224,7.2463,3.2988,0.3743,0.0707,0.044
13,20750001,20800000,20779073,949,228,9.6979,3.8983,0.4266,0.1164,0.0601
13,20800001,20850000,20820211,915,318,7.9461,3.5445,0.3831,0.0595,0.037
13,20850001,20900000,20875196,792,172,7.0079,1.0723,0.7346,0.1163,0.0803
13,21500001,21550000,21526546,885,256,27.9991,1.4444,0.9019,0.3348,0.2997
13,21550001,21600000,21575107,884,173,19.0457,1.042,0.8963,0.2717,0.228
13,22000001,22050000,22019337,1128,211,39.3389,3.0714,0.8552,0.373,0.3296
13,22050001,22100000,22070978,748,175,17.5832,1.1587,0.8763,0.2391,0.2083
13,22100001,22150000,22124040,712,130,7.7862,4.0163,0.3194,0.0813,0.0599
13,22150001,22200000,22176940,994,266,21.3483,4.8968,0.6268,0.2196,0.1795
13,22200001,22250000,22223377,525,236,18.4476,2.3591,0.7732,0.2483,0.2171
13,22250001,22300000,22273587,791,222,26.3329,4.7616,0.6937,0.3095,0.2697
13,22300001,22350000,22326459,722,233,30.3494,0.5317,0.9656,0.3944,0.3549
13,22350001,22400000,22373988,985,240,20.7395,3.3422,0.7224,0.2751,0.2067
13,22400001,22450000,22421423,1249,221,16.5834,7.7913,0.3607,0.1156,0.0856
13,22450001,22500000,22474118,750,245,19.5872,4.5924,0.6201,0.2373,0.1676
13,22500001,22550000,22527514,937,236,30.0707,0.0397,0.9974,0.3565,0.3364
13,22550001,22600000,22572804,784,246,30.2159,1.6111,0.8988,0.2741,0.2493
13,22600001,22650000,22624975,602,183,14.7619,5.0833,0.4877,0.2036,0.1556
13,22650001,22700000,22668995,629,156,21.0908,1.2778,0.8858,0.3633,0.3106
13,22750001,22800000,22776035,730,222,28.8852,1.5562,0.8978,0.3337,0.2783
13,22800001,22850000,22828691,1042,179,16.6751,1.3966,0.8454,0.3022,0.2468
13,23150001,23200000,23174025,836,155,5.7037,0.9899,0.7042,0.1156,0.1024
13,23550001,23600000,23579296,1160,130,10.9419,1.2222,0.799,0.2652,0.2121
13,23600001,23650000,23619565,937,283,22.6174,2.1139,0.8291,0.2229,0.1932
13,23650001,23700000,23673946,789,262,29.7309,4.1111,0.757,0.2845,0.231
13,23700001,23750000,23727715,837,311,31.4137,1.8095,0.8911,0.2703,0.2292
13,23750001,23800000,23775942,1449,142,10.8651,1.2698,0.7907,0.2518,0.1984
13,23800001,23850000,23827634,1088,192,24.6902,1.4768,0.8871,0.3321,0.272
13,23950001,24000000,23973283,1165,143,8.3571,5.5635,0.2007,0.0626,0.0389
13,24000001,24050000,24027830,1192,242,12.7818,5.619,0.3893,0.1013,0.0674
13,24050001,24100000,24074754,946,115,11.3016,3.3306,0.5448,0.1735,0.1261
13,24100001,24150000,24120808,1189,154,13.7619,1.151,0.8456,0.223,0.1949
13,24150001,24200000,24173806,1261,158,18.8891,1.0714,0.8926,0.3067,0.2501
13,24500001,24550000,24526889,1024,237,28.8016,4.0476,0.7536,0.3065,0.2505
13,24550001,24600000,24573763,873,302,15.6576,2.4048,0.7337,0.182,0.1342
13,24600001,24650000,24627152,832,249,30.8333,2.5238,0.8487,0.2614,0.2181
13,24650001,24700000,24675259,1084,266,35.7196,9.4683,0.5809,0.2463,0.1886
13,24700001,24750000,24721375,1549,317,37.006,6.6006,0.6973,0.2327,0.191
13,25550001,25600000,25574405,880,171,19.9196,1.445,0.8647,0.3333,0.2407
13,26050001,26100000,26073077,1235,232,22.5203,6.0873,0.5744,0.1995,0.1501
13,26100001,26150000,26125393,968,356,35.404,2.1429,0.8859,0.2126,0.1842
13,26150001,26200000,26179867,860,320,33.002,1.0556,0.938,0.2369,0.2023
13,26200001,26250000,26224819,943,396,35.6093,4.6275,0.77,0.2151,0.1828
13,26250001,26300000,26276482,1032,389,59.2309,4.2698,0.8655,0.2731,0.2504
13,26300001,26350000,26326428,976,238,31.6132,0.1032,0.9935,0.3985,0.3346
13,26350001,26400000,26376043,1263,276,15.4858,3.5993,0.6228,0.156,0.1198
13,26400001,26450000,26424873,985,205,23.0159,2.2857,0.8193,0.2474,0.2131
13,26650001,26700000,26679172,605,120,5.9444,0.4859,0.8489,0.3883,0.1852
13,26700001,26750000,26725344,1360,355,22.0034,13.1792,0.2508,0.088,0.0608
13,27450001,27500000,27473724,915,111,9.1032,2.0818,0.6277,0.1777,0.1283
13,28300001,28350000,28329840,961,138,10.6349,2.3492,0.6381,0.2715,0.1974
13,28350001,28400000,28378012,1359,197,11.246,7.7518,0.1839,0.0717,0.0398
13,28400001,28450000,28423842,1545,124,1.7106,1.498,0.0662,0.0075,0.0048
13,28450001,28500000,28476970,1681,179,4.2321,2.8653,0.1926,0.0437,0.0247
13,28500001,28550000,28522601,1249,242,12.4156,1.5492,0.7781,0.1985,0.1437
13,28550001,28600000,28579482,682,167,16.2475,0.1038,0.9873,0.2785,0.2372
13,28600001,28650000,28624485,856,203,30.3889,0.127,0.9917,0.4467,0.3937
13,28650001,28700000,28674097,1476,193,26.6645,1.3968,0.9004,0.3028,0.2696
13,28700001,28750000,28721560,1158,235,27.9835,3.5159,0.7768,0.2812,0.2247
13,29350001,29400000,29378659,717,210,4.127,2.787,0.1938,0.051,0.0221
13,29400001,29450000,29425665,1327,139,2.0397,1.159,0.2753,0.0271,0.0151
13,29450001,29500000,29476167,923,321,2.8095,2.2704,0.1061,0.0077,0.0044
13,29500001,29550000,29524258,1038,304,27.5034,3.0595,0.7998,0.2734,0.2115
13,29550001,29600000,29576779,1090,371,22.0409,2.5526,0.7924,0.1814,0.1257
13,29600001,29650000,29624150,1019,312,22.8333,6.5961,0.5517,0.1658,0.1141
13,29650001,29700000,29678075,924,240,11.9763,3.5169,0.546,0.1016,0.0744
13,30550001,30600000,30576855,1099,155,55.7302,2.1349,0.9262,0.5308,0.4697
13,30950001,31000000,30972024,920,168,6.0079,4.0079,0.1997,0.0482,0.0326
13,31000001,31050000,31024744,1003,238,9.4494,3.9128,0.4143,0.1158,0.0741
13,31300001,31350000,31324109,877,202,15.4603,9.2401,0.2518,0.0864,0.0608
13,31350001,31400000,31375540,1264,263,14.2624,16.4741,-0.072,-0.0244,-0.0153
13,32050001,32100000,32075929,1156,132,10.83,2.0809,0.6777,0.2778,0.1872
13,32100001,32150000,32128345,1341,347,33.1612,5.0476,0.7358,0.3035,0.2535
13,32150001,32200000,32175266,1252,178,22.0788,1.3446,0.8852,0.4492,0.3668
13,32800001,32850000,32823360,754,173,22.1618,1.5958,0.8657,0.4306,0.3349
