scaffold,start,end,mid,sites,sitesUsed,ABBA,BABA,D,fd,fdM
16,950001,1000000,968856,1236,236,15.2951,1.127,0.8627,0.2433,0.2035
16,1000001,1050000,1025265,884,248,18.759,4.4348,0.6176,0.16,0.1297
16,1050001,1100000,1076382,1143,193,21.5118,5.2303,0.6088,0.2172,0.1585
16,1100001,1150000,1130780,1144,165,22.0017,2.0984,0.8259,0.4031,0.2965
16,1250001,1300000,1274120,1296,169,26.139,1.6905,0.8785,0.4895,0.3972
16,1300001,1350000,1325635,1246,135,26.0861,0.9841,0.9273,0.52,0.4456
16,2050001,2100000,2077944,936,132,8.8497,0.1145,0.9745,0.2523,0.2198
16,2100001,2150000,2120074,913,173,17.5952,4.1605,0.6175,0.245,0.1735
16,2150001,2200000,2181054,599,132,15.8839,3.6832,0.6235,0.2633,0.215
16,2200001,2250000,2224881,1232,219,26.4121,4.2289,0.724,0.2916,0.2452
16,2250001,2300000,2275092,1110,218,23.9363,3.3693,0.7532,0.2637,0.225
16,2300001,2350000,2322364,1251,368,46.2845,4.4603,0.8242,0.3599,0.2909
16,2350001,2400000,2373853,1612,273,41.4739,1.627,0.9245,0.4185,0.3533
16,2400001,2450000,2426304,1728,222,35.7043,2.619,0.8633,0.4311,0.3984
16,2500001,2550000,2529629,1355,168,15.1032,1.5635,0.8124,0.2702,0.216
16,2550001,2600000,2573149,1219,257,20.1121,1.1746,0.8896,0.3178,0.2619
16,2600001,2650000,2623173,1371,214,15.9603,3.0476,0.6793,0.2312,0.1821
16,2650001,2700000,2677549,1068,303,43.6648,7.43,0.7092,0.2965,0.2406
16,2700001,2750000,2722345,930,324,35.3313,5.5934,0.7266,0.3271,0.2576
16,2750001,2800000,2778599,1096,331,27.1238,2.0,0.8627,0.2667,0.2338
16,2800001,2850000,2822667,1306,135,8.6957,0.9841,0.7967,0.1846,0.1564
16,2850001,2900000,2875077,1294,268,32.8892,3.0635,0.8296,0.3241,0.286
16,2900001,2950000,2924860,712,225,17.7937,3.1587,0.6985,0.1901,0.162
16,3050001,3100000,3077247,690,291,32.1742,4.1106,0.7734,0.2857,0.2318
16,3100001,3150000,3128020,1334,256,19.6595,4.8016,0.6074,0.1729,0.1304
16,3150001,3200000,3178498,1386,128,14.6349,3.246,0.6369,0.1599,0.138
16,3200001,3250000,3230033,1479,220,32.2349,1.5385,0.9089,0.4196,0.3569
16,3300001,3350000,3327776,1050,213,21.1984,3.1825,0.7389,0.2598,0.2237
16,3950001,4000000,3977168,705,180,8.0159,4.4841,0.2825,0.0762,0.0514
16,4000001,4050000,4026997,892,105,11.8254,1.2065,0.8148,0.1907,0.169
16,4200001,4250000,4223841,981,100,9.0154,0.0873,0.9808,0.2707,0.2346
16,4400001,4450000,4425697,1203,201,44.398,5.2065,0.7901,0.4906,0.3997
16,4450001,4500000,4473920,1154,286,36.1722,4.6825,0.7708,0.2815,0.2341
16,4500001,4550000,4524254,1188,272,19.0405,3.2778,0.7063,0.1659,0.1402
16,4550001,4600000,4575207,883,279,22.5556,7.8635,0.483,0.1885,0.134
16,4600001,4650000,4625286,1106,158,7.0895,1.8555,0.5851,0.1759,0.103
16,4650001,4700000,4678254,793,214,22.3033,0.7222,0.9373,0.3111,0.2739
16,4800001,4850000,4825098,819,319,6.9389,8.3393,-0.0917,-0.0172,-0.0108
16,4850001,4900000,4875979,1169,271,6.4443,3.3664,0.3137,0.0427,0.0324
16,4900001,4950000,4923007,1139,128,13.1825,0.7619,0.8907,0.2703,0.2249
16,4950001,5000000,4974188,961,208,24.8737,3.3332,0.7637,0.2687,0.2357
16,5150001,5200000,5166848,612,100,2.7158,5.7381,-0.3575,-0.1482,-0.0783
16,5850001,5900000,5876668,745,211,22.8413,2.3647,0.8124,0.252,0.1994
16,5900001,5950000,5926636,960,258,22.1277,4.1746,0.6826,0.2065,0.1692
16,5950001,6000000,5972708,1095,290,21.8491,3.9603,0.6931,0.1863,0.1445
16,6000001,6050000,6025849,918,192,11.4811,0.9524,0.8468,0.2133,0.179
16,6800001,6850000,6825274,927,138,12.1971,3.7778,0.527,0.1611,0.1242
16,6850001,6900000,6877320,1315,121,3.0,0.4048,0.7622,0.0557,0.0413
16,7950001,8000000,7975446,897,228,17.1567,2.3175,0.762,0.2026,0.137
16,8600001,8650000,8626507,1384,225,5.5088,12.0542,-0.3727,-0.1211,-0.0634
16,8650001,8700000,8674008,1095,319,8.6116,6.658,0.1279,0.0238,0.0154
16,8800001,8850000,8825649,1339,129,0.2063,3.4304,-0.8865,-0.1381,-0.0767
16,9550001,9600000,9588987,834,251,9.2174,7.3662,0.1116,0.0259,0.0165
16,9600001,9650000,9624739,1421,136,2.4921,1.6069,0.2159,0.0268,0.0163
16,9800001,9850000,9826906,1283,216,21.0243,3.7619,0.6965,0.1875,0.1655
16,9950001,10000000,9974222,742,104,8.5216,2.7247,0.5155,0.2095,0.1628
16,10000001,10050000,10025227,1458,171,9.2261,1.8323,0.6686,0.1771,0.1641
16,10450001,10500000,10470760,1040,186,8.0474,8.7164,-0.0399,-0.0137,-0.0075
16,10500001,10550000,10526972,630,220,10.2898,6.5743,0.2203,0.0726,0.0456
16,10550001,10600000,10575505,976,264,6.4202,8.238,-0.124,-0.0315,-0.0202
16,10600001,10650000,10625025,938,143,5.3095,5.5662,-0.0236,-0.0075,-0.0041
16,10850001,10900000,10873023,848,191,17.0014,3.3733,0.6689,0.2336,0.1753
16,10900001,10950000,10919474,1023,259,8.9841,10.1235,-0.0596,-0.0163,-0.0097
16,10950001,11000000,10974299,759,314,7.4634,13.0952,-0.2739,-0.0759,-0.05
16,11000001,11050000,11024742,829,318,9.5,4.9776,0.3124,0.0499,0.0326
16,11050001,11100000,11077870,590,191,9.7619,4.8056,0.3402,0.0983,0.0751
16,11100001,11150000,11128233,951,215,10.7082,2.3016,0.6462,0.1512,0.1215
16,11150001,11200000,11172108,825,331,6.627,9.495,-0.1779,-0.0447,-0.0268
16,11200001,11250000,11225305,713,247,11.0436,5.1003,0.3681,0.1119,0.0769
16,11250001,11300000,11275632,681,228,16.7201,4.4444,0.58,0.2034,0.1574
16,11300001,11350000,11328534,1280,396,39.6734,4.0335,0.8154,0.2857,0.2547
16,11350001,11400000,11373459,1143,272,20.205,3.4051,0.7116,0.2446,0.186
16,11400001,11450000,11424849,1003,197,21.9922,4.2937,0.6733,0.2907,0.2138
16,11500001,11550000,11524947,972,177,11.3193,2.3968,0.6505,0.2,0.1503
16,11550001,11600000,11575427,901,278,28.3201,4.905,0.7047,0.3146,0.2632
16,11600001,11650000,11624985,1033,309,31.184,4.6663,0.7397,0.3384,0.2801
16,11650001,11700000,11672749,957,223,31.1457,1.7398,0.8942,0.3715,0.3243
16,12200001,12250000,12224207,859,166,12.373,1.3238,0.8067,0.3954,0.3126
16,12250001,12300000,12276693,974,315,14.9005,5.3362,0.4726,0.1602,0.1265
16,12300001,12350000,12325904,942,338,19.8329,9.2637,0.3632,0.1426,0.1025
16,12350001,12400000,12373996,1404,360,39.8608,7.9589,0.6671,0.2919,0.2279
16,12400001,12450000,12422040,780,254,11.9446,8.128,0.1901,0.0559,0.0446
16,12450001,12500000,12472635,1173,335,34.9178,3.7778,0.8047,0.2941,0.2443
16,12500001,12550000,12525687,938,277,22.6934,5.5238,0.6085,0.2024,0.157
16,12550001,12600000,12572310,1009,266,16.1372,3.1691,0.6717,0.1855,0.148
16,12600001,12650000,12621529,947,271,13.603,7.5193,0.288,0.1243,0.06
16,12700001,12750000,12725871,743,267,2.127,10.1594,-0.6538,-0.1395,-0.0773
16,12750001,12800000,12776685,1375,277,6.6176,4.9777,0.1414,0.0331,0.018
16,12950001,13000000,12977310,743,273,28.542,3.0556,0.8066,0.273,0.2369
16,13000001,13050000,13025152,851,341,33.6389,3.1777,0.8274,0.3446,0.2864
16,13050001,13100000,13071430,864,273,34.1077,1.6987,0.9051,0.3363,0.2899
16,13100001,13150000,13124604,786,255,25.3413,2.6358,0.8116,0.3452,0.2932
16,13150001,13200000,13172035,777,203,16.3716,2.4455,0.7401,0.2457,0.2006
16,13750001,13800000,13776841,758,190,9.8063,5.0195,0.3229,0.1129,0.0683
16,14300001,14350000,14326353,797,149,14.2614,2.381,0.7139,0.2319,0.1841
16,14350001,14400000,14377464,1075,526,21.8532,18.2928,0.0887,0.0264,0.0169
16,14400001,14450000,14426618,882,356,12.7148,11.364,0.0561,0.0187,0.0093
16,14450001,14500000,14470420,717,287,20.1333,4.6997,0.6215,0.2034,0.1583
16,14500001,14550000,14528706,808,371,31.8941,2.2871,0.8662,0.2646,0.2163
16,14550001,14600000,14574511,956,293,24.6161,3.1827,0.771,0.2759,0.2138
16,14750001,14800000,14771612,1231,539,91.8009,10.6482,0.7921,0.2955,0.2499
16,14800001,14850000,14827281,917,393,29.4764,7.4048,0.5985,0.1595,0.1121
16,14850001,14900000,14864260,609,170,11.0476,4.6349,0.4089,0.1009,0.0708
16,15150001,15200000,15187492,528,243,25.7778,4.238,0.7176,0.2015,0.1642
16,15200001,15250000,15223746,996,346,45.8636,4.4888,0.8217,0.281,0.2309
16,15250001,15300000,15274151,933,400,32.7837,3.6966,0.7973,0.2626,0.1877
16,15300001,15350000,15326312,722,335,18.8564,2.2149,0.7898,0.2028,0.1581
16,15350001,15400000,15372248,1027,315,15.2381,2.369,0.7309,0.1999,0.1531
16,15400001,15450000,15424264,928,455,26.124,3.6815,0.753,0.2184,0.1762
16,15450001,15500000,15478786,1016,349,28.5714,7.4153,0.5879,0.1844,0.1466
16,15500001,15550000,15521440,858,351,36.6868,8.9048,0.6094,0.1526,0.1334
16,15550001,15600000,15573546,949,440,21.9694,27.7383,-0.1161,-0.0333,-0.0207
16,15600001,15650000,15630590,1613,560,35.1264,26.7659,0.1351,0.0406,0.026
16,15700001,15750000,15716554,2393,1091,35.7001,39.8105,-0.0544,-0.0085,-0.0063
16,15750001,15800000,15775380,964,373,20.6304,6.397,0.5266,0.1167,0.0846
16,15800001,15850000,15823658,717,303,21.5397,5.3116,0.6044,0.1984,0.1453
16,15850001,15900000,15874546,738,327,15.5801,7.7786,0.334,0.1038,0.0768
16,16150001,16200000,16176837,762,187,27.7352,3.0,0.8048,0.3065,0.282
16,16200001,16250000,16224710,940,408,41.7564,2.9445,0.8683,0.2796,0.2408
16,16250001,16300000,16275567,828,368,19.9365,10.4235,0.3133,0.0934,0.0616
16,16300001,16350000,16327956,732,286,13.7559,5.0805,0.4606,0.0978,0.0654
16,16350001,16400000,16373428,699,279,25.0663,13.5,0.2999,0.114,0.078
16,16400001,16450000,16429762,1037,513,27.865,18.9747,0.1898,0.0611,0.0389
16,16450001,16500000,16470694,995,514,23.8266,14.8115,0.2333,0.0686,0.0416
16,16500001,16550000,16530619,1109,264,7.4102,8.1689,-0.0487,-0.0137,-0.0079
16,16850001,16900000,16876107,872,428,15.0054,15.1825,-0.0059,-0.0013,-0.0009
16,16900001,16950000,16924761,804,465,19.2163,13.5888,0.1715,0.0512,0.033
16,16950001,17000000,16975863,884,499,19.2176,15.4347,0.1092,0.0296,0.0204
16,17000001,17050000,17027869,3410,711,71.3668,12.297,0.706,0.19,0.1747
16,17050001,17100000,17072178,3010,501,45.1023,11.9006,0.5825,0.1609,0.1406
16,17100001,17150000,17120057,997,422,48.5994,3.4199,0.8685,0.3101,0.2644
16,17150001,17200000,17172603,729,325,38.3706,6.3121,0.7175,0.2636,0.2051
16,17200001,17250000,17226840,863,319,35.6197,6.2977,0.6995,0.3019,0.2362
16,17250001,17300000,17274358,987,419,27.7624,4.254,0.7343,0.194,0.1692
16,17300001,17350000,17328146,1206,355,34.8882,4.7832,0.7589,0.3267,0.2627
16,17350001,17400000,17375944,752,286,27.246,1.0261,0.9274,0.3061,0.2618
16,17400001,17450000,17427156,745,338,22.2016,1.6294,0.8633,0.226,0.1812
16,17450001,17500000,17475076,831,388,29.4674,5.0,0.7099,0.2366,0.1851
16,17500001,17550000,17524880,838,248,26.0637,2.7302,0.8104,0.342,0.269
16,17550001,17600000,17574544,857,272,24.5312,1.7992,0.8633,0.2757,0.2217
16,17600001,17650000,17626617,874,420,38.0015,3.7698,0.8195,0.239,0.1959
16,17650001,17700000,17675472,839,390,34.9372,7.8535,0.6329,0.2107,0.1643
16,17700001,17750000,17724628,904,232,27.0556,7.6398,0.5596,0.2059,0.1581
16,17750001,17800000,17776323,940,455,33.7753,2.969,0.8384,0.2047,0.1688
16,17800001,17850000,17824610,706,217,22.5774,4.4288,0.672,0.2313,0.1875
16,18250001,18300000,18273649,924,196,21.8889,2.5556,0.7909,0.2885,0.2343
16,18300001,18350000,18323061,927,529,45.8208,4.7643,0.8116,0.2366,0.1976
16,18350001,18400000,18373859,777,389,26.744,5.8185,0.6426,0.1799,0.1486
16,18400001,18450000,18425739,760,384,36.3765,2.1455,0.8886,0.2963,0.223
16,18450001,18500000,18477767,627,305,17.3438,3.3254,0.6782,0.204,0.1539
16,18750001,18800000,18773968,845,342,23.0886,3.2779,0.7514,0.2279,0.1675
16,18800001,18850000,18828332,1142,523,25.4584,20.1857,0.1155,0.0263,0.0194
16,18850001,18900000,18875233,720,337,10.8449,6.058,0.2832,0.0495,0.0321
16,18900001,18950000,18919773,1221,386,20.6142,17.8915,0.0707,0.0183,0.0138
16,18950001,19000000,18974770,1266,120,20.9534,1.4127,0.8737,0.3201,0.2858
16,19100001,19150000,19126663,855,183,6.4503,4.4882,0.1794,0.036,0.0211
16,19150001,19200000,19173979,896,335,5.0476,6.682,-0.1393,-0.027,-0.0142
16,19200001,19250000,19224189,851,309,7.6357,4.9631,0.2121,0.0439,0.0254
16,19250001,19300000,19275325,844,339,4.1279,8.8423,-0.3635,-0.07,-0.0342
16,19350001,19400000,19377406,699,293,32.119,4.6845,0.7454,0.2582,0.2092
16,19400001,19450000,19423625,848,373,46.5112,6.3571,0.7595,0.3118,0.2496
16,19450001,19500000,19473886,868,401,41.3172,5.241,0.7749,0.3193,0.2472
16,19500001,19550000,19526440,546,311,23.0,4.0506,0.7005,0.2207,0.1666
16,19550001,19600000,19579188,858,237,13.4603,1.3016,0.8237,0.191,0.1541
16,19600001,19650000,19624663,597,279,41.8651,1.0635,0.9505,0.4012,0.3324
16,19650001,19700000,19674563,725,285,26.4515,0.0243,0.9982,0.2451,0.2169
16,19700001,19750000,19725564,687,309,26.9162,3.5317,0.768,0.2586,0.2178
16,19750001,19800000,19776589,862,260,33.7508,6.1859,0.6902,0.2809,0.2257
16,19800001,19850000,19823265,1111,332,35.2038,4.0794,0.7923,0.2406,0.1956
16,19850001,19900000,19873565,670,302,30.5476,2.8047,0.8318,0.2219,0.1829
16,20450001,20500000,20472936,976,332,38.5036,6.5655,0.7086,0.2769,0.2205
16,20500001,20550000,20523987,894,428,56.7471,5.1897,0.8324,0.4021,0.3194
16,20550001,20600000,20574670,1185,325,47.6507,4.0416,0.8436,0.3462,0.2682
16,20600001,20650000,20625531,887,350,33.7748,3.2723,0.8233,0.2497,0.2266
16,20650001,20700000,20673910,1055,446,42.3576,12.7184,0.5382,0.1753,0.1448
16,20700001,20750000,20724355,1215,440,55.4884,6.8636,0.7798,0.2996,0.2433
16,20750001,20800000,20777555,1814,635,76.2045,5.2302,0.8715,0.2022,0.1823
16,20800001,20850000,20824410,1506,675,69.233,11.4064,0.7171,0.156,0.137
16,20850001,20900000,20872527,1345,342,36.4517,6.0753,0.7143,0.1887,0.1619
16,21650001,21700000,21674213,1932,180,5.5159,2.9762,0.2991,0.0194,0.0186
16,21700001,21750000,21724664,1867,995,50.5076,13.8804,0.5689,0.0565,0.0524
16,21750001,21800000,21776153,2096,1065,52.7104,17.2238,0.5074,0.0504,0.0474
16,21800001,21850000,21824408,1955,974,61.9097,20.1076,0.5097,0.0732,0.0659
16,22200001,22250000,22222590,2375,1082,71.6178,29.4234,0.4176,0.0701,0.0623
16,22250001,22300000,22274226,1613,793,38.1609,7.0822,0.6869,0.0665,0.0637
16,22300001,22350000,22323929,1808,884,32.0476,12.4169,0.4415,0.0381,0.0344
16,22350001,22400000,22373343,1759,747,38.7179,8.0474,0.6558,0.0721,0.0653
16,22400001,22450000,22424447,1775,829,27.8511,13.571,0.3447,0.0276,0.0251
16,22450001,22500000,22475000,1771,841,19.3413,31.2634,-0.2356,-0.0274,-0.0226
16,22500001,22550000,22524505,1618,951,16.9718,22.8946,-0.1486,-0.0109,-0.0097
16,22550001,22600000,22575096,1897,875,13.9623,27.2965,-0.3232,-0.0258,-0.0225
16,22600001,22650000,22609090,850,321,13.9603,6.1032,0.3916,0.0411,0.0383
16,22850001,22900000,22875182,2031,371,25.209,4.5155,0.6962,0.0879,0.0815
16,22900001,22950000,22925101,1960,793,47.5879,10.4762,0.6392,0.0706,0.0655
16,22950001,23000000,22975776,1981,834,44.5739,11.268,0.5964,0.0602,0.0568
16,23000001,23050000,23023568,1827,857,33.0499,4.9012,0.7417,0.0521,0.05
16,23050001,23100000,23075294,1952,797,31.5115,10.6344,0.4954,0.0416,0.0385
16,23100001,23150000,23125539,2142,143,4.8968,1.2222,0.6005,0.0382,0.0343
16,23350001,23400000,23375003,1994,474,11.7937,8.6429,0.1542,0.0093,0.0086
16,23400001,23450000,23424910,1832,879,30.6659,20.422,0.2005,0.0175,0.0158
16,23450001,23500000,23472478,2026,884,31.7896,13.4549,0.4052,0.0327,0.0292
16,23500001,23550000,23525431,2011,1020,50.0079,23.0813,0.3684,0.0361,0.0327
16,23550001,23600000,23576299,1885,815,31.2849,21.6619,0.1817,0.016,0.0146
16,23600001,23650000,23624627,1954,912,24.3571,22.8035,0.0329,0.0025,0.0022
16,23650001,23700000,23674435,1684,941,15.6275,29.0315,-0.3001,-0.0249,-0.0214
16,23700001,23750000,23734821,888,379,19.4805,3.9369,0.6638,0.0618,0.0577
16,23750001,23800000,23774075,1555,846,29.1706,9.7057,0.5007,0.0388,0.036
16,23800001,23850000,23826860,1767,929,25.369,15.3148,0.2471,0.0161,0.015
16,23850001,23900000,23875254,1804,922,17.4109,28.8615,-0.2475,-0.0232,-0.0201
16,23900001,23950000,23925169,1641,801,23.2016,23.2237,-0.0005,-0.0,-0.0
16,23950001,24000000,23976057,1785,947,15.2405,27.3661,-0.2846,-0.0208,-0.0179
16,24000001,24050000,24025955,1978,1012,18.7911,40.0966,-0.3618,-0.0341,-0.0287
16,24050001,24100000,24075579,2150,485,5.6664,14.47,-0.4372,-0.0309,-0.0271
16,24150001,24200000,24175180,1907,281,19.9432,7.8413,0.4356,0.0699,0.0632
16,24200001,24250000,24225960,1903,240,10.6984,5.0857,0.3556,0.0343,0.0325
16,24250001,24300000,24276128,1678,789,33.0281,14.3635,0.3938,0.0343,0.0321
16,24300001,24350000,24324138,1943,706,36.3068,14.7459,0.4223,0.0484,0.0447
16,24350001,24400000,24374431,2034,899,24.9847,20.4403,0.1,0.0085,0.0076
16,24400001,24450000,24423548,2141,874,58.4189,13.8125,0.6175,0.0747,0.069
16,24450001,24500000,24477974,2032,217,19.8931,2.0,0.8173,0.1352,0.1284
16,24650001,24700000,24674754,2562,420,33.061,4.1348,0.7777,0.1502,0.1344
16,24700001,24750000,24724233,2386,397,25.8544,4.2599,0.7171,0.1239,0.1111
16,25050001,25100000,25073480,2724,127,2.9524,9.3571,-0.5203,-0.1248,-0.0902
16,25100001,25150000,25120654,1445,602,19.8241,26.455,-0.1433,-0.0211,-0.0174
16,25150001,25200000,25177277,2718,1027,46.3312,44.0836,0.0249,0.0042,0.0033
16,25250001,25300000,25272631,3057,354,38.0106,12.1166,0.5166,0.2126,0.1329
16,25300001,25350000,25323058,3412,691,60.0088,17.8578,0.5413,0.2129,0.1374
16,25350001,25400000,25376522,2841,462,27.1567,22.4863,0.0941,0.036,0.021
16,25400001,25450000,25420514,3280,1061,74.9843,30.5092,0.4216,0.1206,0.0825
16,25450001,25500000,25475492,1952,629,66.5062,18.6259,0.5624,0.1374,0.1144
16,25500001,25550000,25524629,2091,815,44.8506,12.9667,0.5515,0.0652,0.0597
16,25550001,25600000,25575034,1877,775,30.691,10.8495,0.4776,0.0458,0.0413
16,25600001,25650000,25623127,1721,727,27.6485,16.9005,0.2413,0.0236,0.0215
16,25650001,25700000,25672473,1619,882,47.8186,25.1415,0.3108,0.0402,0.0366
16,25750001,25800000,25779841,1221,374,17.3559,7.1429,0.4169,0.0389,0.0342
16,25800001,25850000,25824208,1654,535,24.1243,6.9444,0.553,0.0457,0.0421
16,25850001,25900000,25854819,522,159,17.9219,2.0,0.7992,0.1293,0.1233
16,26050001,26100000,26081669,695,320,4.9674,5.81,-0.0782,-0.0035,-0.0032
16,26100001,26150000,26129049,1568,315,17.4841,3.4683,0.6689,0.066,0.0605
16,26300001,26350000,26324886,1565,428,23.7955,7.7889,0.5068,0.0591,0.0557
16,26350001,26400000,26374616,1801,878,22.2332,27.1126,-0.0989,-0.0086,-0.0077
16,26400001,26450000,26426817,1685,473,9.9452,8.9275,0.0539,0.0032,0.0031
16,26600001,26650000,26622250,2256,379,14.8432,8.6905,0.2614,0.0266,0.0239
16,26650001,26700000,26673831,1750,830,30.1897,14.5144,0.3506,0.0271,0.0255
16,26700001,26750000,26725235,1966,850,56.1786,8.7619,0.7302,0.0844,0.0809
16,26750001,26800000,26773869,2136,959,43.6508,10.3593,0.6164,0.0526,0.0504
16,26800001,26850000,26825097,1844,761,16.6012,23.9208,-0.1806,-0.0154,-0.0136
16,26850001,26900000,26875978,2024,1053,9.8889,32.469,-0.5331,-0.0325,-0.0284
16,26900001,26950000,26927095,1956,968,11.9045,39.9929,-0.5412,-0.0417,-0.037
16,26950001,27000000,26972032,1644,783,16.6813,19.1646,-0.0693,-0.0049,-0.0044
16,27000001,27050000,27026004,1506,826,7.0476,29.2156,-0.6113,-0.0426,-0.0373
16,27050001,27100000,27075263,2220,541,27.9048,17.7063,0.2236,0.0293,0.0237
16,27200001,27250000,27226267,1751,250,12.2222,6.3095,0.3191,0.0366,0.0329
16,27250001,27300000,27276040,2190,519,21.552,12.8175,0.2541,0.024,0.0219
16,27300001,27350000,27324483,2135,418,21.6508,13.4921,0.2322,0.0288,0.0258
16,27350001,27400000,27374626,1873,813,34.0789,19.2941,0.277,0.0264,0.0233
16,27400001,27450000,27425624,1996,838,29.4213,23.3182,0.1157,0.0122,0.0105
16,27450001,27500000,27473862,1965,806,22.3333,24.42,-0.0446,-0.004,-0.0034
16,27500001,27550000,27525475,2045,609,20.6746,12.725,0.238,0.0189,0.0171
16,28500001,28550000,28523149,2219,548,41.5847,12.53,0.5369,0.153,0.1142
16,28550001,28600000,28572345,1370,613,38.671,21.1835,0.2922,0.0779,0.0543
16,28600001,28650000,28626780,1887,458,23.9864,7.669,0.5155,0.091,0.0626
16,28650001,28700000,28671670,1935,763,25.8602,40.6517,-0.2224,-0.0425,-0.0305
16,28700001,28750000,28725081,1208,461,38.1885,12.1671,0.5168,0.1283,0.0885
16,28750001,28800000,28774062,1076,404,17.754,19.7454,-0.0531,-0.0172,-0.0093
16,28800001,28850000,28823713,1399,273,9.5692,10.1961,-0.0317,-0.0108,-0.0057
16,28850001,28900000,28876176,1857,252,10.2778,9.5588,0.0362,0.0096,0.0059
16,28900001,28950000,28926281,1227,392,14.6011,14.1139,0.017,0.0043,0.0026
16,28950001,29000000,28974316,1077,251,12.6513,7.4656,0.2578,0.0669,0.043
16,29000001,29050000,29027320,1483,396,24.474,24.5192,-0.0009,-0.0003,-0.0002
16,29050001,29100000,29072503,1462,409,20.7029,18.1269,0.0663,0.0135,0.0103
16,29100001,29150000,29124032,1452,422,33.0334,17.9107,0.2968,0.0903,0.0545
16,29200001,29250000,29229090,1442,116,16.4848,1.0317,0.8822,0.2793,0.2478
16,29250001,29300000,29273854,1130,345,45.49,2.497,0.8959,0.2769,0.2454
16,29300001,29350000,29323802,1256,519,88.7574,6.3536,0.8664,0.3365,0.2955
16,29350001,29400000,29374684,1405,302,62.9201,4.6352,0.8628,0.3971,0.3233
16,29400001,29450000,29422238,1609,200,35.4215,1.6354,0.9117,0.3827,0.3133
16,29450001,29500000,29475716,1619,405,55.1585,14.619,0.581,0.2535,0.1759
16,29500001,29550000,29526823,2496,891,43.3386,35.7202,0.0964,0.0213,0.0143
16,29550001,29600000,29572767,1410,411,28.8504,7.3186,0.5953,0.1776,0.1363
16,29600001,29650000,29623854,1445,467,50.5218,3.9759,0.8541,0.2501,0.213
16,29650001,29700000,29674123,1939,104,18.0134,4.3656,0.6098,0.3167,0.2334
16,29700001,29750000,29721750,1344,248,21.5118,2.6607,0.7799,0.2366,0.1533
16,29750001,29800000,29774976,1297,414,15.9191,6.1151,0.4449,0.1018,0.0595
16,29800001,29850000,29826097,1207,251,4.2547,2.0005,0.3604,0.0467,0.0251
16,29850001,29900000,29877148,1139,381,10.2302,8.5416,0.09,0.0181,0.0107
16,29900001,29950000,29925201,1170,412,21.4434,15.3765,0.1648,0.0532,0.0313
16,29950001,30000000,29977899,1349,509,27.2931,17.2168,0.2264,0.0636,0.0385
16,30000001,30050000,30023675,1478,233,11.246,6.5635,0.2629,0.0637,0.0402
16,30050001,30100000,30074317,1358,411,25.8007,12.0442,0.3635,0.1251,0.072
16,30100001,30150000,30125276,1075,383,20.1629,6.6991,0.5012,0.139,0.0806
16,30150001,30200000,30174508,1175,349,21.8788,6.1756,0.5597,0.1382,0.097
16,30200001,30250000,30225113,1264,315,18.8168,11.0557,0.2598,0.0772,0.0436
16,30250001,30300000,30274561,1228,416,28.4825,3.5978,0.7757,0.2184,0.159
16,30300001,30350000,30326703,994,246,25.9913,0.6194,0.9534,0.3507,0.2888
16,30350001,30400000,30374015,1007,271,40.45,3.5876,0.8371,0.3982,0.3263
16,30400001,30450000,30428724,1440,363,44.5712,6.7602,0.7366,0.3098,0.2412
16,30450001,30500000,30475683,1082,338,39.4744,4.652,0.7892,0.2774,0.242
16,30500001,30550000,30523351,1609,306,18.9272,8.0197,0.4048,0.1205,0.0764
16,30550001,30600000,30575125,1050,344,12.9044,9.2897,0.1629,0.0394,0.0241
16,30750001,30800000,30775425,1162,109,11.1349,1.3399,0.7852,0.2303,0.1966
16,30800001,30850000,30823804,1247,251,30.7229,10.6341,0.4857,0.2142,0.1688
16,30850001,30900000,30872519,1229,171,9.4206,0.4174,0.9152,0.1776,0.1153
16,30900001,30950000,30927318,1015,304,20.3428,10.3049,0.3275,0.1112,0.0704
16,30950001,31000000,30973315,1041,371,20.5283,10.4983,0.3233,0.0872,0.0596
16,31000001,31050000,31027824,1171,412,31.9675,10.2517,0.5144,0.2103,0.1237
16,31050001,31100000,31072751,1198,260,16.2401,14.3629,0.0613,0.0297,0.0172
16,31300001,31350000,31325796,1677,130,15.4841,2.4841,0.7235,0.2543,0.2081
16,31350001,31400000,31373873,1106,320,22.9732,9.6616,0.4079,0.1446,0.0865
16,31400001,31450000,31430123,1323,153,7.4548,4.8889,0.2079,0.0689,0.0371
16,31450001,31500000,31473271,2075,139,21.1667,6.9392,0.5062,0.336,0.1729
16,31500001,31550000,31523507,1144,334,13.7046,10.7589,0.1204,0.0408,0.0218
16,31550001,31600000,31572600,1452,273,20.031,6.0472,0.5362,0.1826,0.1131
16,31750001,31800000,31764727,506,195,21.6453,2.0969,0.8234,0.3843,0.3035
16,31800001,31850000,31824479,697,161,20.1104,1.2536,0.8826,0.4588,0.356
16,32200001,32250000,32226138,854,198,17.1429,2.5631,0.7399,0.2845,0.1914
