scaffold,start,end,mid,sites,sitesUsed,ABBA,BABA,D,fd,fdM
9,400001,450000,423367,807,101,13.4245,0.4341,0.9374,0.5574,0.4104
9,450001,500000,471578,523,155,17.483,1.1401,0.8776,0.4696,0.3163
9,500001,550000,528194,800,107,11.9266,0.016,0.9973,0.4198,0.3567
9,550001,600000,577444,926,234,42.3622,2.0704,0.9068,0.5395,0.4399
9,650001,700000,674669,1491,104,11.2864,1.0357,0.8319,0.4085,0.2397
9,900001,950000,915161,599,126,25.0883,0.0873,0.9931,0.6737,0.5789
9,950001,1000000,980504,2163,112,31.8504,0.0,1.0,0.8715,0.8482
9,1100001,1150000,1130369,1435,156,14.8065,2.7318,0.6885,0.3019,0.1906
9,1600001,1650000,1623392,1212,382,72.8662,2.9776,0.9215,0.7544,0.4575
9,1650001,1700000,1676039,1153,179,30.2008,1.5029,0.9052,0.6105,0.3923
9,1700001,1750000,1722975,1431,365,45.976,3.6672,0.8523,0.4946,0.3002
9,1800001,1850000,1828363,1599,138,19.2608,2.4329,0.7757,0.4023,0.2236
9,1950001,2000000,1974031,1153,273,28.1906,8.2863,0.5457,0.1471,0.1201
9,2000001,2050000,2023500,986,371,32.2211,12.7504,0.433,0.1245,0.0956
9,2050001,2100000,2075168,933,303,23.3678,9.8333,0.4077,0.1075,0.081
9,2350001,2400000,2374882,1202,238,13.2117,10.6513,0.1073,0.0353,0.0237
9,2500001,2550000,2525682,1553,104,2.6117,1.347,0.3195,0.0473,0.0315
9,2550001,2600000,2574430,1239,516,22.1758,18.1947,0.0986,0.0235,0.0172
9,2600001,2650000,2620784,1050,259,14.7136,3.6609,0.6015,0.14,0.1058
9,2650001,2700000,2671597,1223,337,19.2617,8.0796,0.409,0.0964,0.0771
9,2700001,2750000,2720626,828,242,19.4921,2.0159,0.8125,0.227,0.1922
9,2800001,2850000,2825422,958,152,3.0469,3.2857,-0.0377,-0.0036,-0.0028
9,2850001,2900000,2873783,835,245,26.4866,2.7426,0.8123,0.2727,0.2535
9,2900001,2950000,2926600,700,258,47.6838,2.5397,0.8989,0.6061,0.4998
9,2950001,3000000,2973573,873,356,63.518,4.9603,0.8551,0.6016,0.5302
9,3000001,3050000,3026110,845,256,18.6339,7.7563,0.4122,0.1836,0.1105
9,3050001,3100000,3074349,1397,311,64.4459,9.9217,0.7332,0.4883,0.3324
9,3100001,3150000,3122552,1095,379,83.5497,5.6759,0.8728,0.6139,0.4326
9,3150001,3200000,3171066,1303,190,29.2203,2.7698,0.8268,0.5311,0.3507
9,3200001,3250000,3225250,1082,238,53.2778,8.4683,0.7257,0.5539,0.354
9,3250001,3300000,3277197,1373,329,76.0479,5.5873,0.8631,0.6752,0.4175
9,3300001,3350000,3320405,1248,336,90.5079,3.0556,0.9347,0.7024,0.4747
9,3350001,3400000,3373619,1055,201,53.8879,3.0635,0.8924,0.7285,0.4941
9,3400001,3450000,3423223,991,257,67.7826,1.4078,0.9593,0.7317,0.5321
9,3450001,3500000,3475342,1706,702,171.8431,10.3907,0.886,0.563,0.4789
9,3500001,3550000,3527102,1577,217,70.9936,0.0635,0.9982,0.7015,0.6053
9,3700001,3750000,3721534,1194,283,85.5883,1.1905,0.9726,0.7739,0.5941
9,3750001,3800000,3775905,1161,276,55.3927,3.7063,0.8746,0.5959,0.4729
9,3800001,3850000,3823514,1108,374,116.8656,1.3566,0.9771,0.7914,0.6423
9,3850001,3900000,3875885,1164,413,118.102,5.1349,0.9167,0.7988,0.554
9,3900001,3950000,3927305,2722,653,120.2612,25.1003,0.6546,0.5137,0.301
9,3950001,4000000,3970014,1897,857,120.8788,30.2515,0.5997,0.3781,0.2383
9,4000001,4050000,4029246,1931,366,90.3271,6.1374,0.8728,0.6221,0.4267
9,4150001,4200000,4169499,1389,204,41.4286,0.746,0.9646,0.6684,0.4933
9,4200001,4250000,4224452,1267,527,77.998,7.3845,0.827,0.3665,0.3059
9,4250001,4300000,4277626,1079,380,41.1238,5.8176,0.7521,0.2143,0.1863
9,4300001,4350000,4324572,1289,332,53.3256,1.5927,0.942,0.337,0.2969
9,4350001,4400000,4378125,904,272,15.1825,7.3095,0.35,0.0884,0.0704
9,4400001,4450000,4422119,1225,435,39.4782,6.4008,0.721,0.1829,0.1559
9,4450001,4500000,4474908,990,396,35.501,11.1445,0.5222,0.1678,0.1242
9,4500001,4550000,4525671,980,418,17.5273,4.5054,0.591,0.1011,0.0765
9,4550001,4600000,4574446,1063,372,29.0657,9.6763,0.5005,0.1484,0.1059
9,4600001,4650000,4624838,1255,399,69.185,0.1508,0.9957,0.369,0.3648
9,5150001,5200000,5177213,965,403,95.4036,1.2778,0.9736,0.5437,0.4843
9,5200001,5250000,5223067,823,297,37.1818,6.9368,0.6855,0.2331,0.1901
9,5250001,5300000,5279966,1120,461,40.809,10.9654,0.5764,0.1799,0.1371
9,5300001,5350000,5324893,1160,411,44.7708,8.9068,0.6681,0.2325,0.1664
9,5350001,5400000,5376603,1098,436,76.4215,11.1374,0.7456,0.412,0.2601
9,5850001,5900000,5872158,1114,127,21.1111,2.0272,0.8248,0.3596,0.2921
9,6200001,6250000,6224614,634,225,20.7392,6.6429,0.5148,0.2653,0.1863
9,6250001,6300000,6277801,968,453,73.5302,8.7929,0.7864,0.3638,0.2993
9,6300001,6350000,6321658,821,353,42.4889,6.6478,0.7294,0.3391,0.256
9,6350001,6400000,6375128,1008,256,43.3927,4.9674,0.7946,0.5507,0.3395
9,6400001,6450000,6426843,794,424,57.1851,5.821,0.8152,0.3209,0.2587
9,6450001,6500000,6475888,711,348,30.1367,12.2129,0.4232,0.1173,0.0941
9,6500001,6550000,6519193,1095,299,30.6043,5.3957,0.7002,0.2197,0.1895
9,6950001,7000000,6973031,653,156,18.0635,1.5714,0.8399,0.3393,0.2883
9,7000001,7050000,7027311,779,274,42.328,1.7802,0.9193,0.4311,0.3717
9,7050001,7100000,7075301,608,276,36.3275,2.7094,0.8612,0.433,0.3623
9,7100001,7150000,7124467,723,320,34.6852,2.0794,0.8869,0.2844,0.2659
9,7150001,7200000,7175291,754,178,22.1751,1.7655,0.8525,0.4127,0.3523
9,7200001,7250000,7227897,717,366,82.3241,3.2304,0.9245,0.5984,0.5157
9,7250001,7300000,7275444,803,412,101.1166,3.4206,0.9346,0.6503,0.5887
9,7300001,7350000,7325255,697,283,28.9758,4.0397,0.7553,0.2347,0.206
9,7350001,7400000,7374685,780,302,35.1783,3.0317,0.8413,0.239,0.2103
9,7400001,7450000,7421058,764,379,33.9263,3.2616,0.8246,0.2094,0.186
9,7450001,7500000,7474769,692,313,26.3893,2.0,0.8591,0.1789,0.1738
9,7500001,7550000,7525432,748,336,31.6852,0.691,0.9573,0.1859,0.17
9,7550001,7600000,7576411,929,349,32.6427,8.2369,0.597,0.1129,0.1037
9,7600001,7650000,7630399,1182,542,64.9025,6.3785,0.821,0.254,0.2238
9,7650001,7700000,7673912,889,402,40.9594,4.0718,0.8192,0.212,0.1931
9,7700001,7750000,7726749,955,429,32.0426,6.1381,0.6785,0.133,0.1171
9,7750001,7800000,7773400,861,335,66.3398,3.5658,0.898,0.4859,0.4096
9,7800001,7850000,7823589,797,437,92.8024,3.7143,0.923,0.5616,0.5049
9,7850001,7900000,7872527,854,344,58.1421,1.3897,0.9533,0.5025,0.464
9,7900001,7950000,7923304,910,431,43.004,6.5017,0.7373,0.2861,0.2428
9,7950001,8000000,7972917,1102,404,69.7562,0.3254,0.9907,0.4781,0.4553
9,8000001,8050000,8025931,757,349,68.3378,2.2381,0.9366,0.5117,0.4844
9,8050001,8100000,8071035,828,356,51.2995,2.282,0.9148,0.4384,0.3489
9,8100001,8150000,8125352,723,435,64.3259,1.3968,0.9575,0.4462,0.3959
9,8150001,8200000,8175505,744,412,98.0914,1.3016,0.9738,0.6741,0.6316
9,8200001,8250000,8226566,737,340,67.5839,0.7384,0.9784,0.6096,0.5301
9,8250001,8300000,8276803,816,294,53.787,2.3726,0.9155,0.4581,0.3996
9,8300001,8350000,8325732,999,346,62.0339,5.8717,0.8271,0.4007,0.3325
9,8350001,8400000,8377922,889,455,83.0158,4.1803,0.9041,0.4652,0.3564
9,8400001,8450000,8423671,1123,413,48.575,5.2515,0.8049,0.2865,0.2284
9,8750001,8800000,8777718,1417,389,47.293,5.1847,0.8024,0.4225,0.2402
9,8800001,8850000,8830127,931,347,70.8254,4.8701,0.8713,0.7546,0.3953
9,8850001,8900000,8874132,760,268,62.07,1.4286,0.955,0.7596,0.5033
9,9000001,9050000,9025482,777,227,54.1478,3.1512,0.89,0.7029,0.5984
9,9050001,9100000,9075983,768,304,73.0571,4.6111,0.8813,0.72,0.5907
9,9100001,9150000,9125717,833,352,76.6737,2.9501,0.9259,0.6745,0.5178
9,9150001,9200000,9174410,886,388,64.5855,4.7872,0.862,0.3794,0.3236
9,9200001,9250000,9225187,729,347,47.8574,5.3621,0.7985,0.4074,0.3174
9,9250001,9300000,9279519,856,304,34.5841,5.8487,0.7107,0.2826,0.2283
9,9300001,9350000,9324939,1029,248,52.0969,0.5794,0.978,0.5819,0.4857
9,9350001,9400000,9377045,757,324,55.6009,1.7734,0.9382,0.5213,0.431
9,9400001,9450000,9424327,819,310,57.094,2.4213,0.9186,0.5616,0.4982
9,9750001,9800000,9775015,1035,134,8.5397,1.4286,0.7134,0.1437,0.1208
9,9800001,9850000,9824492,1115,291,26.7237,4.8526,0.6926,0.2124,0.1771
9,9850001,9900000,9875406,848,247,22.0018,2.0967,0.826,0.1811,0.1627
9,9900001,9950000,9926604,823,249,35.873,3.5554,0.8197,0.2623,0.2412
9,9950001,10000000,9977535,943,331,29.4499,1.1985,0.9218,0.2534,0.2266
9,10000001,10050000,10024401,1130,330,33.942,5.6994,0.7125,0.2542,0.207
9,10050001,10100000,10074248,922,286,45.3784,1.6587,0.9295,0.4039,0.3642
9,10100001,10150000,10124351,1388,398,37.7146,4.5883,0.7831,0.241,0.183
9,10150001,10200000,10174517,876,362,43.1874,3.7488,0.8403,0.3403,0.2945
9,10250001,10300000,10274484,907,116,4.0888,0.7937,0.6749,0.144,0.0987
9,10300001,10350000,10319948,934,310,30.1615,4.4334,0.7437,0.2665,0.1918
9,10400001,10450000,10435785,426,200,19.9432,0.9365,0.9103,0.2772,0.234
9,10450001,10500000,10476000,1066,111,10.9845,1.1667,0.808,0.2409,0.2047
9,10800001,10850000,10823271,1021,259,92.5238,2.4444,0.9485,0.7662,0.6437
9,10850001,10900000,10875734,906,334,84.4759,0.5873,0.9862,0.6895,0.6211
9,10900001,10950000,10920539,1048,358,99.883,0.6514,0.987,0.7511,0.6373
9,10950001,11000000,10980317,969,212,76.8044,3.0877,0.9227,0.8223,0.6328
9,11000001,11050000,11022621,681,251,80.6094,1.2243,0.9701,0.8002,0.7027
9,11050001,11100000,11076241,683,294,95.9524,1.7643,0.9639,0.8024,0.6363
9,11100001,11150000,11125065,940,258,92.0116,0.7619,0.9836,0.8947,0.7265
9,11150001,11200000,11175903,1082,300,77.875,1.6509,0.9585,0.7102,0.6105
9,11200001,11250000,11227824,1033,389,97.5633,0.8968,0.9818,0.7248,0.6275
9,11250001,11300000,11275137,930,383,85.5031,2.4467,0.9444,0.553,0.4878
9,11300001,11350000,11325011,714,212,48.0301,0.313,0.9871,0.6352,0.546
9,11350001,11400000,11371838,1365,485,110.9637,5.4996,0.9056,0.6279,0.5392
9,11400001,11450000,11426216,1083,407,74.6247,1.8333,0.952,0.6204,0.5436
9,11450001,11500000,11476033,881,438,87.3605,1.7783,0.9601,0.6745,0.6006
9,11500001,11550000,11523524,1486,127,28.5624,0.4524,0.9688,0.7671,0.6853
9,11550001,11600000,11574536,1197,367,74.113,3.2874,0.9151,0.6868,0.5798
9,11600001,11650000,11623772,962,319,89.059,0.2222,0.995,0.7278,0.6873
9,11650001,11700000,11674569,1219,219,35.2417,2.7063,0.8574,0.5495,0.415
9,11700001,11750000,11720474,2198,291,54.1118,1.5859,0.9431,0.536,0.4844
9,11750001,11800000,11775968,1007,205,48.1576,0.6901,0.9717,0.8521,0.7765
9,11800001,11850000,11825470,1942,765,146.3526,18.0591,0.7803,0.4297,0.3604
9,11850001,11900000,11871803,851,481,68.5696,3.3285,0.9074,0.4683,0.3738
9,12100001,12150000,12124522,726,333,50.7081,4.1109,0.85,0.6117,0.3924
9,12150001,12200000,12180637,1199,649,101.7442,11.3899,0.7986,0.3547,0.2906
9,12200001,12250000,12224106,662,165,43.0993,0.7089,0.9676,0.708,0.6293
9,12550001,12600000,12575891,614,269,61.2391,0.6589,0.9787,0.7344,0.6178
9,12900001,12950000,12924002,506,235,28.6984,1.7385,0.8858,0.6028,0.4878
9,12950001,13000000,12977597,893,388,115.1182,3.8651,0.935,0.747,0.6721
9,13000001,13050000,13024368,915,293,40.9488,4.35,0.8079,0.5664,0.4651
9,13050001,13100000,13073928,620,343,79.7887,2.4179,0.9412,0.718,0.5714
9,13100001,13150000,13126174,428,307,28.2918,0.3499,0.9756,0.4349,0.3697
9,13150001,13200000,13173765,666,375,29.8406,4.4036,0.7428,0.287,0.2199
9,13200001,13250000,13222477,630,250,35.3811,3.8094,0.8056,0.5829,0.4031
9,13250001,13300000,13273966,512,296,43.1809,5.6767,0.7676,0.5206,0.3625
9,13300001,13350000,13323249,862,310,44.2467,3.0274,0.8719,0.4906,0.3729
9,13350001,13400000,13382222,1029,279,28.1039,10.1091,0.4709,0.2671,0.1665
9,13400001,13450000,13427185,643,320,52.4983,2.211,0.9192,0.665,0.4462
9,13450001,13500000,13476060,756,361,46.4651,8.0111,0.7059,0.5018,0.3363
9,13500001,13550000,13525387,722,413,92.1677,2.2412,0.9525,0.7439,0.5938
9,13550001,13600000,13576795,705,390,70.4592,1.381,0.9616,0.7688,0.6179
9,13600001,13650000,13625635,877,382,71.1281,0.4604,0.9871,0.4924,0.4532
9,13800001,13850000,13823124,937,203,19.4503,2.2896,0.7894,0.163,0.1525
9,13850001,13900000,13875120,742,368,41.3406,3.518,0.8432,0.3199,0.2619
9,13900001,13950000,13924005,1090,573,94.3716,18.4333,0.6732,0.3537,0.2715
9,13950001,14000000,13974228,849,490,35.2455,9.6732,0.5693,0.1447,0.1161
9,14000001,14050000,14023285,923,255,12.2116,1.738,0.7508,0.1169,0.0893
9,14050001,14100000,14074314,868,450,34.0182,9.4987,0.5634,0.1702,0.1301
9,14250001,14300000,14274133,939,209,45.0413,1.7928,0.9234,0.6339,0.5574
9,14300001,14350000,14328393,2390,293,41.8281,0.8049,0.9622,0.744,0.428
9,14350001,14400000,14377233,1160,404,93.9223,4.3098,0.9123,0.6527,0.5312
9,14400001,14450000,14423871,1001,450,88.4581,0.8888,0.9801,0.6756,0.5949
9,14450001,14500000,14474899,1188,372,91.3668,0.168,0.9963,0.814,0.7227
9,14500001,14550000,14526396,1022,489,126.7496,0.2698,0.9958,0.8392,0.7575
9,14550001,14600000,14574886,1288,499,120.1706,4.9295,0.9212,0.7276,0.6346
9,14600001,14650000,14623727,1132,388,86.6174,1.1207,0.9745,0.7525,0.6306
9,14750001,14800000,14772778,1106,366,69.8727,2.1469,0.9404,0.6433,0.5581
9,14800001,14850000,14825173,906,480,101.4906,1.0082,0.9803,0.6526,0.5766
9,14850001,14900000,14873542,707,473,105.5008,0.6429,0.9879,0.7373,0.6367
9,14900001,14950000,14927368,865,483,109.7457,1.7095,0.9693,0.6788,0.6147
9,14950001,15000000,14979095,845,380,63.8208,4.6509,0.8642,0.4958,0.4027
9,15000001,15050000,15025240,950,389,77.5362,3.0178,0.9251,0.6581,0.5142
9,15050001,15100000,15075476,936,415,88.2478,6.9858,0.8533,0.5642,0.4778
9,15100001,15150000,15123428,774,336,89.5237,0.791,0.9825,0.743,0.6387
9,15300001,15350000,15326122,932,260,45.127,0.3673,0.9839,0.6614,0.5814
9,15350001,15400000,15375006,863,108,10.3475,0.0714,0.9863,0.3931,0.3518
9,15400001,15450000,15423886,1391,119,12.682,0.1508,0.9765,0.5095,0.3827
9,15450001,15500000,15472017,1085,458,81.5929,2.5794,0.9387,0.644,0.5497
9,15500001,15550000,15525345,1027,308,52.2137,1.2143,0.9545,0.6216,0.5354
9,15550001,15600000,15573140,830,466,76.3639,0.397,0.9897,0.5496,0.5012
9,15600001,15650000,15625365,943,628,121.7247,0.5406,0.9912,0.8149,0.7247
9,15650001,15700000,15677162,1050,468,102.4025,0.3653,0.9929,0.7664,0.7015
9,15700001,15750000,15723271,922,598,126.359,2.0407,0.9682,0.7722,0.7002
9,15750001,15800000,15775205,1023,475,82.9773,0.5318,0.9873,0.7652,0.6584
9,15800001,15850000,15826278,1152,573,97.3021,1.3495,0.9726,0.563,0.5095
9,15850001,15900000,15875074,1338,736,109.1613,3.7913,0.9329,0.3744,0.3372
9,15900001,15950000,15924370,1241,542,84.3815,4.4959,0.8988,0.4215,0.3648
9,15950001,16000000,15974624,979,537,91.3987,4.854,0.8991,0.5156,0.4304
9,16000001,16050000,16026450,2103,659,150.5541,8.2176,0.8965,0.6042,0.5215
9,16050001,16100000,16075327,1605,605,145.2763,8.6474,0.8876,0.6225,0.5156
9,16100001,16150000,16120928,1334,538,91.158,9.9908,0.8025,0.4145,0.3346
9,16150001,16200000,16174135,805,375,111.3895,0.1508,0.9973,0.756,0.6813
9,16200001,16250000,16226222,688,375,100.9078,3.387,0.9351,0.7391,0.6285
9,16250001,16300000,16276878,1036,434,81.4364,0.5397,0.9868,0.7124,0.608
9,16300001,16350000,16323864,890,415,78.1403,1.47,0.9631,0.6313,0.5273
9,16350001,16400000,16373443,829,481,59.2438,0.4444,0.9851,0.5725,0.4776
9,16400001,16450000,16423731,891,508,105.6424,3.1032,0.9429,0.7079,0.6078
9,16450001,16500000,16472739,773,414,99.6425,1.4444,0.9714,0.7749,0.6654
9,16500001,16550000,16525373,1016,379,97.9402,0.3968,0.9919,0.8056,0.7097
9,16550001,16600000,16573422,1420,104,21.3175,1.2643,0.888,0.602,0.4711
9,16950001,17000000,16974959,894,283,58.3145,2.0238,0.9329,0.5011,0.4676
9,17100001,17150000,17123687,1098,345,30.5886,5.735,0.6842,0.2046,0.1754
9,17150001,17200000,17173164,969,413,27.4423,7.1493,0.5866,0.1458,0.1249
9,17200001,17250000,17221512,816,480,47.7181,1.9683,0.9208,0.2549,0.2406
9,17250001,17300000,17274659,947,504,69.5748,1.7254,0.9516,0.3833,0.3506
9,17300001,17350000,17325315,1018,612,70.0558,3.0636,0.9162,0.3561,0.3199
9,17350001,17400000,17368707,2152,437,57.5114,8.3582,0.7462,0.2864,0.2513
9,17400001,17450000,17424513,829,423,63.789,5.3893,0.8442,0.3682,0.3267
9,17450001,17500000,17473779,812,432,39.2134,4.6755,0.7869,0.2856,0.2454
9,17500001,17550000,17529429,1024,453,49.5493,5.1508,0.8117,0.279,0.242
9,17550001,17600000,17572752,1141,345,36.7218,3.2183,0.8388,0.2823,0.2618
9,17600001,17650000,17623308,1000,400,43.7212,2.3936,0.8962,0.2756,0.2546
9,17650001,17700000,17675260,882,345,24.0402,2.5894,0.8055,0.2275,0.1869
9,17700001,17750000,17725997,1024,431,29.9668,3.7063,0.7799,0.2217,0.1993
9,17750001,17800000,17775737,795,410,39.8488,4.0794,0.8143,0.2188,0.198
9,17800001,17850000,17824309,961,433,36.9588,4.0792,0.8012,0.1949,0.1778
9,17850001,17900000,17874009,901,417,37.8919,3.1669,0.8457,0.1856,0.1715
9,17900001,17950000,17927982,1015,483,35.6531,7.5122,0.6519,0.1508,0.1266
9,17950001,18000000,17975444,958,482,23.2228,15.7747,0.191,0.0505,0.0393
9,18000001,18050000,18024621,1088,484,28.836,9.19,0.5166,0.1166,0.0978
9,18050001,18100000,18076675,1048,310,27.0046,7.4439,0.5678,0.2075,0.1557
9,18200001,18250000,18225294,1074,430,26.732,7.3294,0.5696,0.1121,0.0938
9,18250001,18300000,18270804,1039,137,15.2234,1.025,0.8738,0.2398,0.2266
9,18350001,18400000,18374926,718,428,40.5899,2.1464,0.8995,0.2186,0.2059
9,18400001,18450000,18424667,1270,438,29.9975,11.977,0.4293,0.0716,0.0667
9,18450001,18500000,18471290,894,439,88.5809,0.8651,0.9807,0.5471,0.4871
9,18500001,18550000,18524855,999,315,55.0624,1.584,0.9441,0.5822,0.5278
9,18550001,18600000,18575757,810,367,75.6537,2.4762,0.9366,0.6602,0.5831
9,18600001,18650000,18626233,1049,174,34.557,2.2951,0.8754,0.6421,0.5075
9,18750001,18800000,18773024,925,109,23.9246,0.0952,0.9921,0.7428,0.641
9,18950001,19000000,18975753,1033,462,103.2045,8.126,0.854,0.6083,0.4803
9,19000001,19050000,19024572,689,343,65.452,3.9581,0.8859,0.6082,0.4838
9,19050001,19100000,19073398,748,322,68.6439,1.096,0.9686,0.6964,0.5972
9,19100001,19150000,19125986,529,240,34.5836,0.0714,0.9959,0.491,0.4091
9,19150001,19200000,19176274,654,323,59.8157,4.1907,0.8691,0.6881,0.5675
9,19200001,19250000,19226441,1019,350,51.9923,1.3914,0.9479,0.4876,0.3847
9,19250001,19300000,19278333,1209,215,25.8742,0.3651,0.9722,0.5473,0.4118
9,19300001,19350000,19322207,1715,307,40.4508,0.8288,0.9598,0.6377,0.4618
9,19350001,19400000,19374585,843,402,54.1992,2.3175,0.918,0.5802,0.3963
9,19400001,19450000,19426473,943,458,77.9811,3.7906,0.9073,0.529,0.4278
9,19450001,19500000,19470767,1097,260,46.0927,1.5397,0.9354,0.5881,0.4032
9,19500001,19550000,19527270,1456,320,55.4194,2.6345,0.9092,0.6483,0.5029
9,19550001,19600000,19575545,878,430,66.7532,2.873,0.9175,0.4902,0.3693
9,19600001,19650000,19624641,669,334,36.7486,6.4529,0.7013,0.2689,0.1937
9,19650001,19700000,19676008,1340,183,36.156,1.0831,0.9418,0.6244,0.496
9,19700001,19750000,19724439,1205,123,9.3492,1.7381,0.6865,0.3056,0.1879
9,19750001,19800000,19773535,941,399,63.0407,4.3445,0.8711,0.4475,0.3291
9,19800001,19850000,19822110,1269,286,41.5104,1.8037,0.9167,0.5583,0.3919
9,19850001,19900000,19874482,972,404,40.9437,6.5969,0.7225,0.345,0.2327
9,19900001,19950000,19931393,1315,461,122.8785,3.4683,0.9451,0.6577,0.5293
9,19950001,20000000,19973285,1049,461,108.7856,1.0635,0.9806,0.6364,0.5709
9,20000001,20050000,20024550,864,288,49.4336,3.577,0.865,0.54,0.4345
9,20050001,20100000,20075857,1085,262,46.4831,5.4451,0.7903,0.5002,0.3855
9,20100001,20150000,20127549,847,248,35.8725,2.1032,0.8892,0.5085,0.3915
9,20150001,20200000,20182412,1164,182,35.721,3.9286,0.8018,0.5057,0.4187
9,20200001,20250000,20220942,1058,241,49.0391,1.0071,0.9598,0.5615,0.4795
9,20250001,20300000,20274203,930,224,28.3803,3.4505,0.7832,0.3509,0.2847
9,20300001,20350000,20324738,959,373,90.4147,4.3335,0.9085,0.5878,0.5558
9,20350001,20400000,20379126,882,190,53.6247,4.7494,0.8373,0.6743,0.604
9,20400001,20450000,20422422,613,309,74.1098,3.0635,0.9206,0.5747,0.5478
9,20450001,20500000,20476013,1432,192,32.4515,0.127,0.9922,0.4787,0.433
9,20500001,20550000,20522477,1110,144,26.4265,0.9136,0.9332,0.6404,0.4433
9,21450001,21500000,21472333,919,129,15.6216,2.0635,0.7666,0.2974,0.2426
9,22750001,22800000,22775315,861,256,37.2596,3.9127,0.8099,0.4937,0.4048
9,22800001,22850000,22824552,1069,382,78.6838,4.0635,0.9018,0.6384,0.5226
9,22850001,22900000,22873604,824,219,45.5976,0.1111,0.9951,0.5443,0.5249
9,22900001,22950000,22924091,952,353,49.0197,3.5952,0.8633,0.6492,0.475
9,22950001,23000000,22974503,908,391,26.7381,3.6183,0.7616,0.2145,0.1761
9,23000001,23050000,23024751,832,385,13.8421,0.5168,0.928,0.1598,0.1094
9,23050001,23100000,23073871,773,353,20.8826,4.97,0.6155,0.1425,0.1165
9,23100001,23150000,23127231,1005,263,12.2939,3.5,0.5568,0.1025,0.0763
9,23150001,23200000,23174243,1037,328,24.841,6.0649,0.6075,0.166,0.1218
9,23200001,23250000,23226728,1044,419,36.0902,5.1561,0.75,0.2266,0.1722
9,23250001,23300000,23273376,883,258,18.3345,3.0653,0.7135,0.19,0.16
9,23300001,23350000,23328665,1199,249,22.8495,3.6655,0.7235,0.2129,0.1758
9,23350001,23400000,23375583,1108,348,56.8809,3.7063,0.8777,0.3885,0.3481
9,23400001,23450000,23421159,1269,220,19.5825,2.373,0.7838,0.2968,0.2582
9,23450001,23500000,23476701,929,387,38.9289,4.5538,0.7905,0.2706,0.2372
9,23500001,23550000,23526879,1274,362,26.3405,2.2824,0.8405,0.1529,0.1355
9,23550001,23600000,23575813,1425,351,37.8186,4.7926,0.7751,0.27,0.2242
9,23600001,23650000,23622921,975,311,16.5472,9.0116,0.2948,0.0782,0.0536
9,23650001,23700000,23675332,889,332,25.113,5.0516,0.6651,0.1892,0.1309
9,23700001,23750000,23726107,945,353,29.8748,2.2939,0.8574,0.2332,0.1904
9,23750001,23800000,23774061,1168,323,55.8199,1.8968,0.9343,0.4357,0.3889
9,23800001,23850000,23817910,1858,293,35.3779,2.3968,0.8731,0.3015,0.2467
9,23850001,23900000,23875137,1317,343,48.6139,2.1838,0.914,0.3438,0.3082
9,23900001,23950000,23926078,1315,285,31.2489,2.2312,0.8667,0.332,0.2826
9,23950001,24000000,23976083,1553,319,54.5396,1.7937,0.9363,0.4571,0.3866
9,24000001,24050000,24030165,1343,215,29.9328,0.3845,0.9746,0.3675,0.3409
9,24050001,24100000,24073868,1544,229,22.6225,3.0476,0.7626,0.2308,0.1839
9,24100001,24150000,24122915,1419,324,25.4497,3.7381,0.7439,0.1911,0.1335
9,24150001,24200000,24169180,1599,247,18.6513,7.5558,0.4234,0.1487,0.0905
9,24200001,24250000,24223734,1062,292,24.8984,2.873,0.7931,0.2174,0.1763
9,24300001,24350000,24322268,1207,231,25.039,1.3968,0.8943,0.3399,0.289
9,24350001,24400000,24373509,1176,268,38.916,3.3808,0.8401,0.2962,0.2667
9,24900001,24950000,24925654,985,399,42.6653,6.3432,0.7411,0.2126,0.1749
9,25250001,25300000,25290961,455,191,15.0546,5.5412,0.4619,0.1117,0.0872
9,25300001,25350000,25326960,1169,402,15.0612,14.7466,0.0106,0.0017,0.0014
9,25650001,25700000,25678051,917,128,5.0005,1.246,0.601,0.081,0.0713
9,25700001,25750000,25724075,927,309,27.586,5.14,0.6859,0.1636,0.1436
9,25750001,25800000,25777682,1477,195,29.3889,2.082,0.8677,0.2213,0.2125
9,25800001,25850000,25821609,928,293,18.5714,2.0397,0.8021,0.0935,0.0899
9,25850001,25900000,25876763,1391,201,20.8225,0.5934,0.9446,0.2128,0.2034
9,26200001,26250000,26226193,917,100,18.9603,3.127,0.7169,0.3222,0.2702
9,26250001,26300000,26276720,1694,136,10.9761,4.2381,0.4429,0.0961,0.086
9,26300001,26350000,26324651,1100,159,11.9501,1.5338,0.7725,0.171,0.14
9,26350001,26400000,26375283,896,192,19.4365,0.9286,0.9088,0.2273,0.1912
9,26400001,26450000,26425524,1067,182,16.8676,1.6265,0.8241,0.1736,0.1553
9,26450001,26500000,26474238,989,176,14.7937,4.3414,0.5462,0.1302,0.1105
9,26550001,26600000,26579318,1314,141,23.0132,2.7857,0.784,0.3752,0.2917
9,26600001,26650000,26624218,1148,212,24.0524,10.1905,0.4048,0.1554,0.1212
9,26650001,26700000,26673199,1320,248,18.6989,3.2063,0.7073,0.1157,0.1032
9,26700001,26750000,26724365,1265,237,36.7222,5.1667,0.7533,0.2434,0.2165
9,26750001,26800000,26771620,823,165,20.8492,1.0317,0.9057,0.2092,0.1928
9,26900001,26950000,26927133,1413,183,15.662,12.3075,0.1199,0.0504,0.0316
9,27350001,27400000,27377578,1085,225,95.4762,0.3254,0.9932,0.8757,0.7805
9,27400001,27450000,27427256,1090,289,137.9444,0.675,0.9903,0.9092,0.7908
9,27450001,27500000,27474835,1086,371,106.0841,0.8493,0.9841,0.6772,0.6084
9,27500001,27550000,27528683,1381,238,53.6055,3.6587,0.8722,0.5268,0.4361
9,27550001,27600000,27574963,944,109,26.9524,1.619,0.8867,0.6593,0.6081
9,27600001,27650000,27622001,938,100,32.4603,1.7143,0.8997,0.6691,0.5562
9,27650001,27700000,27675039,890,145,37.627,3.1667,0.8447,0.5962,0.479
9,27750001,27800000,27777713,973,192,81.879,1.4048,0.9663,0.8069,0.7184
9,27800001,27850000,27822694,945,266,101.8413,3.5903,0.9319,0.7796,0.6625
9,27850001,27900000,27881185,760,262,25.4683,2.4683,0.8233,0.2445,0.2182
9,27900001,27950000,27923465,1411,298,44.7823,3.1746,0.8676,0.2461,0.227
9,27950001,28000000,27977456,748,178,16.9276,2.246,0.7657,0.2068,0.1786
9,28000001,28050000,28022008,1298,232,45.9233,2.2224,0.9077,0.3595,0.3291
9,28050001,28100000,28073481,2668,372,65.2143,10.0635,0.7326,0.2056,0.1899
9,28100001,28150000,28124653,1567,315,68.1688,3.6746,0.8977,0.305,0.2845
9,28150001,28200000,28171880,1120,246,63.9095,1.0238,0.9685,0.4099,0.38
9,28200001,28250000,28223589,1486,203,33.1266,8.0873,0.6075,0.2064,0.1823
9,28400001,28450000,28424290,1874,479,93.2937,14.6667,0.7283,0.252,0.2175
9,28450001,28500000,28473740,2102,536,35.7326,21.7976,0.2422,0.0486,0.0355
9,28500001,28550000,28522594,1437,146,23.1692,4.9944,0.6453,0.2539,0.1959
9,28750001,28800000,28767154,1398,319,32.1701,12.1771,0.4508,0.1543,0.1113
9,29100001,29150000,29126400,1518,268,36.0029,7.8439,0.6422,0.2179,0.1916
9,29200001,29250000,29226850,1274,206,30.5317,1.9841,0.878,0.2803,0.2546
9,29250001,29300000,29278372,1350,255,28.5403,4.3968,0.733,0.1709,0.1572
9,29300001,29350000,29325022,1357,276,50.549,1.6984,0.935,0.406,0.3765
9,29350001,29400000,29371514,1861,236,34.156,6.3916,0.6847,0.2425,0.2151
9,29400001,29450000,29421747,1869,373,62.9342,6.5828,0.8106,0.3324,0.2815
9,29450001,29500000,29476600,1232,251,31.4945,7.8663,0.6003,0.1945,0.1652
9,29500001,29550000,29525957,1850,296,42.9737,8.3556,0.6744,0.3023,0.2561
9,29550001,29600000,29574930,1656,213,32.279,2.176,0.8737,0.2637,0.2345
9,29800001,29850000,29827487,3656,159,17.3939,2.5391,0.7452,0.3701,0.2707
9,29850001,29900000,29871171,2999,675,132.7096,9.1086,0.8715,0.4506,0.4021
9,29900001,29950000,29928577,2455,349,57.0486,8.6429,0.7369,0.2798,0.236
9,29950001,30000000,29970184,1897,399,55.8076,7.9979,0.7493,0.255,0.2158
9,30000001,30050000,30024672,1490,210,25.995,4.3566,0.7129,0.2305,0.1992
9,30050001,30100000,30073784,1089,270,22.4969,6.1032,0.5732,0.2151,0.1561
9,30100001,30150000,30125413,1338,394,57.6814,3.7962,0.8765,0.3621,0.3113
9,30150001,30200000,30176353,1708,384,43.708,11.8007,0.5748,0.1485,0.1354
9,30200001,30250000,30226199,2249,355,39.3799,10.6814,0.5733,0.1538,0.1321
9,30250001,30300000,30275227,1989,395,69.0305,8.6107,0.7782,0.2925,0.2518
9,30300001,30350000,30324680,2250,813,86.1879,15.281,0.6988,0.2472,0.195
9,30350001,30400000,30377904,1884,602,61.4194,12.2874,0.6666,0.2413,0.1776
9,30400001,30450000,30422400,1816,375,55.8183,6.2395,0.7989,0.3575,0.3035
9,30450001,30500000,30473882,1453,445,47.4938,9.4945,0.6668,0.2218,0.1746
9,32050001,32100000,32071844,1054,188,15.3175,4.558,0.5413,0.2191,0.1175
9,32100001,32150000,32123714,911,292,10.7864,9.7156,0.0522,0.0112,0.008
9,32150001,32200000,32176838,2154,111,1.1111,4.7302,-0.6196,-0.128,-0.0655
9,32200001,32250000,32223747,2020,220,12.9524,3.7069,0.555,0.1374,0.0928
9,32250001,32300000,32277710,1677,288,14.2126,8.6833,0.2415,0.058,0.0379
9,32450001,32500000,32491960,453,105,15.6815,0.0,1.0,0.3554,0.3328
9,32500001,32550000,32524651,1054,238,35.7441,4.2619,0.7869,0.3322,0.2913
9,32550001,32600000,32576820,1211,165,17.7559,1.1825,0.8751,0.2858,0.2468
