scaffold,start,end,mid,sites,sitesUsed,ABBA,BABA,D,fd,fdM
22,200001,250000,214966,1353,129,11.1787,0.0476,0.9915,0.2483,0.2232
22,250001,300000,276935,1690,169,14.9043,2.3642,0.7262,0.2692,0.1826
22,300001,350000,325183,1278,152,14.2835,1.6551,0.7923,0.3108,0.228
22,350001,400000,373532,715,194,23.0477,0.8016,0.9328,0.4836,0.3861
22,650001,700000,678229,899,215,26.3348,2.0,0.8588,0.3213,0.3014
22,700001,750000,726656,1017,173,20.1289,1.974,0.8214,0.3279,0.2718
22,850001,900000,875314,766,267,22.8231,3.8798,0.7094,0.2616,0.1816
22,900001,950000,926742,1034,100,11.6129,0.826,0.8672,0.5234,0.2549
22,950001,1000000,975343,1029,287,33.0089,5.3289,0.722,0.4054,0.228
22,1000001,1050000,1024606,869,262,34.8107,1.7007,0.9068,0.5054,0.2789
22,1050001,1100000,1075928,1142,288,34.5435,4.0641,0.7895,0.4243,0.2684
22,1100001,1150000,1130521,1049,348,41.5389,7.7945,0.684,0.3925,0.2444
22,1150001,1200000,1172542,1316,337,44.1175,2.0108,0.9128,0.4828,0.3581
22,1500001,1550000,1526790,1157,226,42.7783,3.0116,0.8685,0.5246,0.3159
22,1550001,1600000,1574073,1863,497,93.8076,10.4445,0.7996,0.4549,0.3302
22,1600001,1650000,1623796,1562,384,62.9282,17.8978,0.5571,0.2372,0.1687
22,1650001,1700000,1672758,1047,380,40.6349,10.6813,0.5837,0.1793,0.1271
22,1700001,1750000,1723297,1093,353,56.4093,2.6032,0.9118,0.3383,0.2983
22,2150001,2200000,2178632,1565,113,13.9674,1.9921,0.7504,0.2024,0.1863
22,2500001,2550000,2529117,1223,457,91.0013,7.7381,0.8433,0.311,0.2792
22,2550001,2600000,2577626,992,398,36.1618,4.989,0.7575,0.1478,0.1359
22,2600001,2650000,2621588,784,313,19.7197,3.7378,0.6813,0.0981,0.0917
22,2650001,2700000,2671229,1178,215,17.9109,6.8208,0.4484,0.1122,0.0973
22,2750001,2800000,2780575,907,171,36.8492,6.2857,0.7086,0.335,0.2926
22,2800001,2850000,2825942,1394,297,95.1988,7.0635,0.8619,0.6247,0.4792
22,2850001,2900000,2873411,1391,320,68.204,5.1825,0.8588,0.4879,0.3979
22,2900001,2950000,2926274,1218,195,47.7844,2.6111,0.8964,0.5754,0.4617
22,3050001,3100000,3076717,1409,485,42.109,11.6743,0.5659,0.1398,0.1134
22,3100001,3150000,3122594,1203,422,31.5353,17.1412,0.2957,0.0825,0.0634
22,3150001,3200000,3175165,1071,298,17.4694,8.6391,0.3382,0.0704,0.0549
22,3200001,3250000,3215777,867,182,21.7765,4.6226,0.6498,0.1706,0.1481
22,3250001,3300000,3276363,1206,373,38.1028,7.4241,0.6739,0.2144,0.1596
22,3300001,3350000,3327807,1471,374,62.8707,11.2061,0.6974,0.3331,0.2501
22,3350001,3400000,3373161,1077,488,51.0441,14.1024,0.5671,0.1761,0.1354
22,3400001,3450000,3420906,913,445,33.59,11.5235,0.4891,0.1341,0.1058
22,3750001,3800000,3775240,853,167,18.9021,1.3667,0.8651,0.2806,0.2668
22,3800001,3850000,3824285,1017,338,30.1912,5.0952,0.7112,0.1525,0.1397
22,3850001,3900000,3875772,1000,360,37.4529,4.4841,0.7861,0.1937,0.1767
22,3900001,3950000,3926062,1487,356,40.0645,10.8326,0.5743,0.1527,0.1351
22,3950001,4000000,3975006,1338,340,21.6727,9.278,0.4005,0.0721,0.0638
22,4050001,4100000,4073154,904,309,30.4781,1.9885,0.8775,0.1925,0.1761
22,4100001,4150000,4125279,879,102,8.6746,2.1425,0.6039,0.1653,0.1463
22,4200001,4250000,4224933,924,385,36.5008,7.4227,0.662,0.1777,0.1578
22,4250001,4300000,4272327,1039,372,25.0009,11.2776,0.3783,0.1065,0.0795
22,4300001,4350000,4324303,1318,392,8.7673,9.7361,-0.0524,-0.0042,-0.0036
22,4350001,4400000,4370934,910,253,7.8929,11.078,-0.1679,-0.0362,-0.0256
22,4400001,4450000,4422895,924,277,7.2381,8.405,-0.0746,-0.0109,-0.0087
22,4450001,4500000,4473438,1163,319,7.0344,5.8734,0.0899,0.0091,0.0076
22,4500001,4550000,4523157,874,357,19.9572,3.9571,0.6691,0.1445,0.1127
22,4550001,4600000,4575500,865,217,7.7778,2.5228,0.5102,0.0997,0.0578
22,4700001,4750000,4724598,1073,424,60.7257,5.5691,0.832,0.2309,0.2137
22,4750001,4800000,4772306,958,341,101.5456,3.9299,0.9255,0.5603,0.4865
22,4800001,4850000,4827870,1083,369,78.3203,7.9487,0.8157,0.4755,0.3491
22,4850001,4900000,4878412,1691,738,182.5163,13.0757,0.8663,0.5985,0.4692
22,5250001,5300000,5278345,1340,291,53.4313,7.5032,0.7537,0.4334,0.2827
22,5300001,5350000,5324615,1871,661,213.4315,16.0479,0.8601,0.5272,0.4531
22,5350001,5400000,5375094,1855,470,160.7031,7.1578,0.9147,0.6016,0.4388
22,5400001,5450000,5424627,1847,736,258.9694,7.2279,0.9457,0.7086,0.4796
22,5450001,5500000,5475041,2064,792,232.9734,13.4055,0.8912,0.5835,0.401
22,5500001,5550000,5524719,1812,686,195.5317,18.1359,0.8302,0.4769,0.3472
22,5550001,5600000,5574747,1924,728,224.9365,6.6609,0.9425,0.5932,0.4172
22,5600001,5650000,5624751,1793,648,217.689,8.8865,0.9216,0.6673,0.469
22,5650001,5700000,5675217,1845,621,211.1174,12.0236,0.8922,0.5689,0.4678
22,5700001,5750000,5725509,2025,650,249.4231,16.0886,0.8788,0.627,0.5233
22,5750001,5800000,5774475,1978,661,339.2946,6.0251,0.9651,0.7287,0.6461
22,5800001,5850000,5826177,2319,809,319.5866,6.1519,0.9622,0.5505,0.4848
22,5850001,5900000,5875276,2484,775,328.1191,5.126,0.9692,0.6685,0.6023
22,5900001,5950000,5924710,2765,264,75.0499,1.0329,0.9728,0.5799,0.5165
22,6000001,6050000,6017862,2340,694,188.0518,2.1409,0.9775,0.5944,0.5325
22,6050001,6100000,6076210,951,342,39.7696,2.9444,0.8621,0.2176,0.2024
22,6100001,6150000,6125218,1007,393,36.2857,5.1111,0.7531,0.1663,0.1577
22,6150001,6200000,6175533,1039,363,63.7563,1.0159,0.9686,0.3794,0.3392
22,6200001,6250000,6226678,1208,401,93.2219,3.7745,0.9222,0.4887,0.4321
22,6250001,6300000,6273981,1145,526,74.1549,3.314,0.9144,0.2718,0.2496
22,6300001,6350000,6326146,1017,430,33.2698,7.5106,0.6317,0.1702,0.1291
22,6350001,6400000,6376111,1054,394,34.8912,9.6183,0.5678,0.1644,0.1256
22,6400001,6450000,6424807,908,200,24.9206,1.254,0.9042,0.3398,0.2888
22,6800001,6850000,6818059,1482,132,11.1984,1.0876,0.823,0.1552,0.1362
22,6850001,6900000,6875563,1290,552,95.1933,4.419,0.9113,0.3836,0.3362
22,6900001,6950000,6919770,2147,714,126.1619,7.4186,0.8889,0.451,0.3919
22,6950001,7000000,6969349,1259,593,98.2911,2.6056,0.9484,0.3382,0.3158
22,7000001,7050000,7022314,642,277,34.7204,1.5794,0.913,0.2837,0.2648
22,7050001,7100000,7071104,1017,307,51.5434,0.3571,0.9862,0.3079,0.2867
22,7100001,7150000,7125949,708,339,25.8651,1.8651,0.8655,0.2093,0.1741
22,7150001,7200000,7172443,540,324,26.6563,2.9352,0.8016,0.2095,0.1939
22,7200001,7250000,7226127,573,356,25.5604,2.4908,0.8224,0.1838,0.1707
22,7250001,7300000,7274907,765,382,31.1356,2.8413,0.8328,0.2288,0.1886
22,7300001,7350000,7324810,705,404,39.4696,1.6825,0.9182,0.2606,0.2414
22,7350001,7400000,7377157,1089,387,45.5897,2.3689,0.9012,0.3128,0.2845
22,7400001,7450000,7425062,855,485,26.2002,7.5873,0.5509,0.1159,0.0943
22,7450001,7500000,7474783,794,374,40.2506,7.4383,0.688,0.2266,0.1735
22,7500001,7550000,7526807,793,341,37.7593,1.318,0.9325,0.2095,0.1876
22,7550001,7600000,7576467,813,305,49.4252,2.8307,0.8917,0.356,0.3247
22,7600001,7650000,7624860,1041,373,30.1641,6.9995,0.6233,0.1573,0.1222
22,7650001,7700000,7668953,1246,349,27.1831,11.5829,0.4024,0.1007,0.0735
22,7700001,7750000,7723156,807,495,23.6907,15.2976,0.2153,0.0339,0.0272
22,7750001,7800000,7774990,795,335,32.1985,8.4841,0.5829,0.2056,0.1488
22,7800001,7850000,7825920,873,341,24.4987,3.873,0.727,0.1833,0.1385
22,7850001,7900000,7870686,871,323,28.6587,8.925,0.5251,0.1672,0.1258
22,7900001,7950000,7927903,979,452,47.963,12.1626,0.5954,0.1888,0.145
22,7950001,8000000,7976390,928,298,24.8024,6.2278,0.5986,0.1255,0.1036
22,8250001,8300000,8276821,842,351,51.3518,9.3148,0.6929,0.25,0.2135
22,8300001,8350000,8323567,990,408,24.0927,10.5412,0.3913,0.0812,0.0669
22,8350001,8400000,8374189,1111,503,74.1499,5.627,0.8589,0.3159,0.2874
22,8400001,8450000,8428012,1241,285,48.1061,0.9683,0.9605,0.4169,0.3691
22,8450001,8500000,8477632,852,265,28.3154,3.6508,0.7716,0.2311,0.1963
22,8500001,8550000,8522106,1094,150,18.0443,1.879,0.8114,0.2943,0.2466
22,8850001,8900000,8879399,781,254,26.4595,2.1432,0.8501,0.2515,0.2235
22,8900001,8950000,8925004,733,172,11.3143,3.2698,0.5516,0.1125,0.0973
22,8950001,9000000,8972146,1137,167,35.5457,4.112,0.7926,0.565,0.409
22,9000001,9050000,9022023,1143,321,69.144,3.1854,0.9119,0.6801,0.5515
22,9050001,9100000,9076288,740,190,35.9726,0.905,0.9509,0.6182,0.5003
22,9350001,9400000,9372143,901,148,46.878,1.0151,0.9576,0.8412,0.6947
22,9400001,9450000,9423738,760,282,72.8141,8.0079,0.8018,0.6183,0.4756
22,9450001,9500000,9474084,798,269,63.4433,4.9306,0.8558,0.6095,0.5065
22,9500001,9550000,9526894,694,326,77.7793,1.7158,0.9568,0.6685,0.5231
22,9550001,9600000,9574621,723,296,59.2802,4.8383,0.8491,0.4886,0.4042
22,9600001,9650000,9626556,1034,404,104.2002,9.1627,0.8383,0.5927,0.4615
22,9650001,9700000,9674114,914,362,122.1974,1.127,0.9817,0.8515,0.7077
22,9700001,9750000,9725472,817,303,69.1327,3.119,0.9137,0.6361,0.4323
22,9750001,9800000,9777583,996,269,47.0794,9.9525,0.651,0.4905,0.2847
22,9800001,9850000,9826643,822,190,51.1755,2.4444,0.9088,0.6519,0.5349
22,9850001,9900000,9875631,1032,322,93.4526,1.1667,0.9753,0.6489,0.5503
22,9900001,9950000,9923721,1108,459,127.8168,6.9583,0.8967,0.4427,0.3868
22,9950001,10000000,9974793,818,242,37.7554,1.1905,0.9389,0.2846,0.2581
22,10300001,10350000,10324833,796,282,27.4156,3.5873,0.7686,0.2428,0.2082
22,10350001,10400000,10371902,1187,328,30.7587,10.1508,0.5037,0.1787,0.1556
22,10400001,10450000,10431237,1687,298,25.8884,7.4054,0.5551,0.1887,0.1541
22,10450001,10500000,10472587,1120,298,27.3271,3.5385,0.7707,0.2201,0.1982
22,10500001,10550000,10525015,1096,340,40.3583,7.4365,0.6888,0.2539,0.2173
22,10550001,10600000,10574632,1044,405,50.9572,6.6351,0.7696,0.2997,0.2512
22,11200001,11250000,11227480,926,218,22.8822,1.9841,0.8404,0.2355,0.2136
22,11250001,11300000,11273812,833,316,36.248,1.8651,0.9021,0.2481,0.2311
22,11300001,11350000,11324283,749,294,59.1847,9.1349,0.7326,0.5444,0.4717
22,11350001,11400000,11373579,764,333,97.3425,3.6214,0.9283,0.6596,0.5985
22,11400001,11450000,11426675,822,278,55.2198,1.5714,0.9447,0.6191,0.5255
22,11500001,11550000,11527109,795,180,3.9841,6.0159,-0.2032,-0.0304,-0.0217
22,11550001,11600000,11576234,689,291,10.6111,9.447,0.058,0.0108,0.0083
22,11600001,11650000,11621074,998,315,39.2079,4.2972,0.8025,0.2398,0.2169
22,11950001,12000000,11975683,814,105,19.7291,1.3889,0.8685,0.4856,0.3977
22,12300001,12350000,12325510,694,291,37.5397,3.3095,0.838,0.2151,0.1974
22,12350001,12400000,12373716,705,131,22.0497,0.1905,0.9829,0.3217,0.291
22,12750001,12800000,12774121,536,127,27.0458,4.6701,0.7055,0.477,0.357
22,12800001,12850000,12824929,783,397,67.6637,5.6335,0.8463,0.4849,0.3861
22,12850001,12900000,12874556,674,351,55.6581,1.9841,0.9312,0.6547,0.4891
22,12900001,12950000,12928501,843,365,124.707,1.3184,0.9791,0.8237,0.7037
22,12950001,13000000,12973148,1021,363,77.7269,5.0091,0.8789,0.5871,0.4462
22,13000001,13050000,13021263,1001,422,114.5369,2.104,0.9639,0.7068,0.6257
22,13050001,13100000,13072901,1137,389,117.7864,2.9762,0.9507,0.7342,0.6022
22,13100001,13150000,13124385,799,248,78.2796,1.8272,0.9544,0.6165,0.5598
22,13900001,13950000,13924652,849,142,6.5154,3.5405,0.2958,0.0502,0.0404
22,13950001,14000000,13976197,729,374,23.9735,7.4897,0.5239,0.1287,0.1035
22,14000001,14050000,14025523,922,401,40.268,12.2526,0.5334,0.174,0.1386
22,14050001,14100000,14077835,804,317,9.4444,5.5679,0.2582,0.0325,0.0261
22,14100001,14150000,14124345,725,306,13.0018,5.8043,0.3827,0.0641,0.0497
22,14150001,14200000,14174702,746,304,18.6459,7.1429,0.446,0.1182,0.08
22,14200001,14250000,14225586,702,339,23.5643,6.8101,0.5516,0.1364,0.1056
22,14250001,14300000,14272697,678,256,15.7676,3.4058,0.6447,0.1737,0.1321
22,14300001,14350000,14327649,650,298,32.0705,1.2143,0.927,0.2237,0.201
22,14350001,14400000,14374933,755,404,55.531,1.9921,0.9307,0.348,0.3391
22,14400001,14450000,14425110,797,418,54.4833,0.0,1.0,0.2963,0.2963
22,14450001,14500000,14472740,740,367,49.7833,0.0,1.0,0.3127,0.3127
22,14500001,14550000,14526793,910,417,44.4,0.4206,0.9812,0.3116,0.2962
22,14550001,14600000,14574056,815,306,32.873,7.3333,0.6352,0.2258,0.2032
22,14600001,14650000,14622239,1082,471,68.4141,7.1475,0.8108,0.2967,0.2621
22,14650001,14700000,14675003,883,259,29.04,0.8492,0.9432,0.2663,0.2561
22,15000001,15050000,15027319,937,185,30.0915,0.7619,0.9506,0.632,0.4598
22,15150001,15200000,15175095,1152,230,47.4327,0.7101,0.9705,0.7032,0.5769
22,15200001,15250000,15225067,1158,281,38.5475,10.3661,0.5761,0.3555,0.2821
22,15250001,15300000,15275428,945,311,59.6835,3.2908,0.8955,0.6739,0.5633
22,15300001,15350000,15324089,1004,450,95.8729,0.7001,0.9855,0.7241,0.6519
22,15350001,15400000,15373988,926,401,66.8578,0.9852,0.971,0.5436,0.5013
22,15400001,15450000,15426036,771,131,21.1294,1.7698,0.8454,0.5276,0.4506
22,15600001,15650000,15626319,1034,123,6.6516,1.8817,0.559,0.1036,0.0863
22,15650001,15700000,15672495,1075,390,27.3171,7.581,0.5655,0.1328,0.1056
22,15700001,15750000,15725679,893,221,13.3703,3.8865,0.5496,0.1174,0.0828
22,16100001,16150000,16125480,843,192,35.2568,1.5402,0.9163,0.3793,0.343
22,16250001,16300000,16270004,843,167,42.0397,0.0714,0.9966,0.8259,0.7127
22,16300001,16350000,16324072,667,351,61.8087,0.2778,0.9911,0.5913,0.5245
22,16350001,16400000,16375595,716,363,61.8346,1.3658,0.9568,0.5497,0.4598
22,16400001,16450000,16424244,774,402,78.809,2.3029,0.9432,0.5636,0.4917
22,16450001,16500000,16474759,1174,321,62.9672,1.6837,0.9479,0.6217,0.5085
22,16500001,16550000,16527462,904,295,56.0863,6.2939,0.7982,0.4881,0.3909
22,16550001,16600000,16575475,873,388,48.2951,3.4398,0.867,0.4613,0.3663
22,16600001,16650000,16627302,1144,445,75.8893,6.7924,0.8357,0.5816,0.4294
22,16650001,16700000,16674362,725,235,45.6895,5.2698,0.7932,0.6051,0.3788
22,16700001,16750000,16729967,799,450,84.0846,1.6539,0.9614,0.8008,0.6227
22,16750001,16800000,16778265,1590,621,106.4519,8.6032,0.8505,0.5983,0.4204
22,16800001,16850000,16824672,946,269,47.222,4.6677,0.8201,0.5231,0.3454
22,16900001,16950000,16924521,702,276,37.0711,1.7063,0.912,0.5479,0.4641
22,16950001,17000000,16975120,776,255,52.1755,0.4762,0.9819,0.7866,0.6976
22,17900001,17950000,17927392,1592,785,152.0552,7.9627,0.9005,0.6538,0.5152
22,17950001,18000000,17969116,2238,346,134.2131,0.3367,0.995,0.8268,0.7038
22,18000001,18050000,18024852,988,262,93.8953,0.4048,0.9914,0.9228,0.8154
22,18050001,18100000,18073559,955,245,41.6741,2.2222,0.8988,0.3352,0.3107
22,18100001,18150000,18129066,1431,257,31.3034,3.1571,0.8168,0.2158,0.2001
22,18150001,18200000,18172695,1147,458,64.1102,2.9798,0.9112,0.2765,0.2506
22,18200001,18250000,18227494,1013,471,40.7286,12.3487,0.5347,0.115,0.0998
22,18400001,18450000,18423989,1403,178,16.6893,5.119,0.5305,0.1678,0.1358
22,18450001,18500000,18472874,1450,281,41.7254,3.2778,0.8543,0.2839,0.2532
22,18500001,18550000,18524399,1219,301,39.3257,5.6664,0.7481,0.2512,0.2266
22,18850001,18900000,18873930,1244,305,42.7633,5.8921,0.7578,0.347,0.2914
22,18900001,18950000,18923708,1437,337,42.2843,7.0748,0.7133,0.2453,0.2006
22,18950001,19000000,18977288,1558,416,56.3511,10.2023,0.6934,0.2684,0.2329
22,19000001,19050000,19031139,2056,223,30.2592,4.3254,0.7499,0.3189,0.2761
22,19050001,19100000,19072422,1340,121,16.6933,4.0723,0.6078,0.318,0.2556
22,19100001,19150000,19124678,1461,163,21.3728,2.873,0.763,0.2693,0.2191
22,19150001,19200000,19177292,1052,180,16.0215,2.7382,0.7081,0.1988,0.1678
22,19400001,19450000,19424695,1496,246,24.3517,5.0553,0.6562,0.2001,0.1826
22,19600001,19650000,19623309,1116,278,41.1921,5.8907,0.7498,0.2552,0.2277
22,20300001,20350000,20320431,1490,204,27.7245,5.9529,0.6465,0.199,0.1677
22,20350001,20400000,20374408,1429,191,31.3203,4.968,0.7262,0.3162,0.2423
22,20900001,20950000,20921620,1027,162,8.4135,4.7648,0.2769,0.0617,0.0456
22,21350001,21400000,21377025,1571,172,12.3182,7.5418,0.2405,0.0649,0.0477
22,21400001,21450000,21423211,1566,319,31.2869,12.1422,0.4408,0.2147,0.1234
22,21450001,21500000,21472951,1408,174,11.1178,2.0224,0.6922,0.1683,0.1198
22,21500001,21550000,21526599,1104,301,21.1155,10.6947,0.3276,0.0912,0.0723
22,21550001,21600000,21575344,948,195,18.7418,1.3707,0.8637,0.2182,0.1952
22,21600001,21650000,21623865,949,357,17.9599,7.4902,0.4114,0.079,0.0629
22,21650001,21700000,21675047,1059,259,12.0241,11.0079,0.0441,0.01,0.0075
22,21700001,21750000,21724730,1219,198,13.627,4.7386,0.484,0.1192,0.0852
22,21750001,21800000,21778870,934,342,16.7152,14.0462,0.0868,0.0231,0.0167
22,22050001,22100000,22075504,858,192,22.0133,1.792,0.8494,0.2494,0.2182
22,22150001,22200000,22177443,1151,301,55.9486,3.5394,0.881,0.3333,0.3016
22,22200001,22250000,22224751,1088,326,25.2599,6.127,0.6096,0.1364,0.1149
22,22250001,22300000,22275499,1006,194,10.3025,6.974,0.1927,0.0405,0.031
22,22500001,22550000,22523739,1635,103,21.3314,0.0,1.0,0.6555,0.6176
22,22550001,22600000,22575728,1240,301,73.6583,0.4841,0.9869,0.7006,0.5906
22,22600001,22650000,22623694,1190,276,75.3907,2.1825,0.9437,0.6842,0.6063
22,22650001,22700000,22673265,1120,295,71.2295,0.1984,0.9944,0.7426,0.6649
22,22700001,22750000,22728909,1403,168,53.0698,0.0397,0.9985,0.7889,0.7141
22,22750001,22800000,22775797,1045,168,42.4614,0.1034,0.9951,0.7176,0.6127
22,22800001,22850000,22825018,1037,195,52.1823,2.619,0.9044,0.7373,0.6298
22,22850001,22900000,22871112,1465,162,45.9196,0.0476,0.9979,0.8569,0.77
22,22900001,22950000,22928874,1573,153,46.5079,0.5556,0.9764,0.8158,0.7112
22,22950001,23000000,22981318,2316,138,41.841,0.2302,0.9891,0.8611,0.7233
22,23000001,23050000,23025020,1915,208,72.2294,0.5717,0.9843,0.9358,0.7961
22,23050001,23100000,23076087,2038,177,57.6795,0.3016,0.9896,0.8985,0.8186
22,23100001,23150000,23123003,1441,169,57.2614,0.0159,0.9994,0.8014,0.7588
22,23350001,23400000,23373212,1040,129,11.9903,0.1032,0.9829,0.1643,0.1496
22,23750001,23800000,23775778,1238,260,23.6587,6.5361,0.5671,0.1643,0.1263
22,23800001,23850000,23824905,1237,265,24.8013,6.5694,0.5812,0.1427,0.1138
22,24000001,24050000,24024820,1012,195,4.3549,7.1429,-0.2425,-0.0407,-0.0291
22,24050001,24100000,24075708,1149,270,10.4534,4.8016,0.3705,0.0617,0.0455
22,24100001,24150000,24127186,1308,270,20.6273,7.6484,0.459,0.1236,0.0882
22,24150001,24200000,24176665,985,289,39.2912,5.6032,0.7504,0.2265,0.2027
22,24200001,24250000,24226986,900,205,30.0684,3.5873,0.7868,0.2631,0.2297
22,24400001,24450000,24426116,996,235,27.3217,2.0973,0.8574,0.1967,0.1864
22,24450001,24500000,24476959,923,214,40.2034,4.3492,0.8048,0.3205,0.2935
22,24500001,24550000,24526963,1285,183,20.0928,7.7857,0.4415,0.1456,0.0979
22,24550001,24600000,24576143,943,232,13.8947,12.7044,0.0448,0.0148,0.0103
22,24600001,24650000,24626546,1039,266,17.6353,8.7468,0.3369,0.0867,0.0653
22,24650001,24700000,24674709,1713,115,2.9474,8.9841,-0.5059,-0.1637,-0.098
22,24750001,24800000,24766990,1899,214,3.9206,12.4447,-0.5209,-0.0831,-0.0687
22,24800001,24850000,24824852,1513,253,20.4484,18.0963,0.061,0.0226,0.0148
22,24850001,24900000,24867819,2106,248,18.3849,8.4233,0.3716,0.0794,0.0642
22,24900001,24950000,24924986,2099,264,12.0394,6.0545,0.3308,0.0768,0.0443
22,24950001,25000000,24976308,1349,101,4.2937,0.7619,0.6986,0.1188,0.0954
22,25050001,25100000,25076474,1553,268,44.0761,2.4118,0.8962,0.2895,0.2763
22,25100001,25150000,25123502,2081,438,115.0103,6.2643,0.8967,0.4412,0.396
22,25700001,25750000,25727227,1223,233,12.2879,8.1048,0.2051,0.0673,0.0401
22,25800001,25850000,25827405,1543,237,7.9602,9.8519,-0.1062,-0.0275,-0.0155
22,26050001,26100000,26058762,507,116,24.2143,2.4374,0.8171,0.395,0.338
22,26350001,26400000,26375556,1793,135,11.2892,6.861,0.244,0.0744,0.0592
22,26450001,26500000,26474616,1613,128,15.9499,2.9048,0.6919,0.2827,0.2159
22,26500001,26550000,26522892,1742,110,16.0357,0.8254,0.9021,0.3949,0.3635
22,26550001,26600000,26572879,1342,154,18.4315,0.3413,0.9636,0.2691,0.2365
22,26650001,26700000,26673856,1402,141,19.2222,1.0397,0.8974,0.3,0.277
22,26700001,26750000,26726352,1045,238,32.7067,4.127,0.7759,0.2648,0.2381
22,26750001,26800000,26776959,973,233,29.6894,4.5281,0.7353,0.2208,0.1937
22,26800001,26850000,26823507,1120,268,30.1211,2.1989,0.8639,0.2309,0.1961
22,26850001,26900000,26876213,1456,285,35.0317,5.6508,0.7222,0.2945,0.2443
22,27000001,27050000,27027246,2278,125,10.3889,4.9517,0.3544,0.1583,0.1086
22,27050001,27100000,27070539,1177,134,21.2222,4.0159,0.6818,0.3329,0.2767
22,27500001,27550000,27527141,1093,152,22.4829,0.4827,0.958,0.3759,0.3287
22,27700001,27750000,27727474,774,165,15.5616,1.8333,0.7892,0.2507,0.1774
22,27750001,27800000,27777221,1150,152,7.881,1.5514,0.671,0.1602,0.1043
22,27800001,27850000,27822402,1041,230,9.7805,2.0991,0.6466,0.1339,0.0882
22,27850001,27900000,27876653,1168,181,10.8562,3.7537,0.4861,0.1392,0.0889
22,27900001,27950000,27926939,1034,189,8.9771,1.317,0.7441,0.2283,0.1224
22,27950001,28000000,27966728,1447,122,7.9206,1.6429,0.6564,0.238,0.1572
