scaffold,start,end,mid,sites,sitesUsed,ABBA,BABA,D,fd,fdM
9,400001,450000,423367,807,102,9.4023,0.1518,0.9682,0.4238,0.3193
9,450001,500000,471578,523,149,5.7832,0.9972,0.7058,0.195,0.1188
9,500001,550000,528194,800,102,8.4841,0.016,0.9962,0.3942,0.3079
9,550001,600000,577444,926,219,30.1162,3.0704,0.815,0.4488,0.346
9,650001,700000,674669,1491,103,4.887,2.9643,0.2449,0.105,0.0505
9,1600001,1650000,1623392,1212,368,19.7475,4.768,0.611,0.1963,0.1066
9,1650001,1700000,1676039,1153,167,4.2302,1.5258,0.4698,0.0875,0.0466
9,1700001,1750000,1722975,1431,356,16.1303,3.9708,0.6049,0.1931,0.1066
9,1800001,1850000,1828363,1599,133,5.2213,7.4567,-0.1763,-0.0791,-0.0328
9,1950001,2000000,1974031,1153,240,27.365,6.2863,0.6264,0.2078,0.1552
9,2000001,2050000,2023500,986,331,18.8544,10.7504,0.2737,0.0822,0.0507
9,2050001,2100000,2075168,933,274,19.381,9.9365,0.3221,0.104,0.0669
9,2350001,2400000,2374882,1202,235,14.8477,10.3518,0.1784,0.0766,0.0443
9,2500001,2550000,2525682,1553,101,3.1097,2.4478,0.1191,0.0377,0.0207
9,2550001,2600000,2574430,1239,484,16.9815,18.2264,-0.0354,-0.0109,-0.0064
9,2600001,2650000,2620784,1050,239,9.4918,5.5883,0.2589,0.0982,0.0507
9,2650001,2700000,2671597,1223,311,10.3781,8.8274,0.0807,0.0234,0.0154
9,2700001,2750000,2720626,828,227,6.578,4.1905,0.2217,0.0539,0.0376
9,2800001,2850000,2825422,958,136,3.0455,2.254,0.1494,0.0185,0.0129
9,2850001,2900000,2873783,835,231,13.9715,3.2902,0.6188,0.1867,0.1544
9,3000001,3050000,3026110,845,200,3.2381,8.6348,-0.4545,-0.1486,-0.0766
9,3050001,3100000,3074349,1397,315,17.5758,11.4876,0.2095,0.0667,0.0424
9,3100001,3150000,3122552,1095,376,18.3007,9.4232,0.3202,0.069,0.0492
9,3150001,3200000,3171066,1303,190,4.9603,5.6667,-0.0665,-0.0138,-0.0088
9,3200001,3250000,3225250,1082,231,11.7276,7.1905,0.2398,0.0633,0.0394
9,3250001,3300000,3277197,1373,346,14.3095,13.8446,0.0165,0.0038,0.0025
9,3300001,3350000,3320405,1248,344,17.8333,6.7937,0.4483,0.0802,0.055
9,3350001,3400000,3373619,1055,204,10.8333,6.0635,0.2823,0.0621,0.0426
9,3400001,3450000,3423223,991,260,22.4206,5.3353,0.6156,0.1785,0.1297
9,3450001,3500000,3475342,1706,696,74.4847,19.2875,0.5886,0.1937,0.1619
9,3500001,3550000,3527102,1577,214,36.5125,1.0643,0.9434,0.384,0.3268
9,3700001,3750000,3721534,1194,289,14.6641,7.457,0.3258,0.0664,0.0487
9,3750001,3800000,3775905,1161,272,16.9374,4.1825,0.6039,0.1659,0.127
9,3800001,3850000,3823514,1108,380,24.2061,5.0999,0.652,0.1252,0.0998
9,3850001,3900000,3875885,1164,209,8.5159,5.729,0.1956,0.0538,0.0386
9,3950001,4000000,3970014,1897,327,21.9864,14.0887,0.2189,0.0748,0.0497
9,4000001,4050000,4029246,1931,366,22.3301,9.2156,0.4157,0.0909,0.0651
9,4150001,4200000,4169499,1389,204,11.9921,2.754,0.6265,0.1527,0.1059
9,4200001,4250000,4224452,1267,513,51.4013,11.205,0.642,0.2398,0.1937
9,4250001,4300000,4277626,1079,351,27.7772,6.1041,0.6397,0.1859,0.15
9,4300001,4350000,4324572,1289,304,34.5626,1.6212,0.9104,0.28,0.2437
9,4350001,4400000,4378125,904,266,19.381,5.4296,0.5623,0.1951,0.1404
9,4400001,4450000,4422119,1225,387,31.6175,6.8171,0.6453,0.2246,0.1626
9,4450001,4500000,4474908,990,368,14.6349,12.0739,0.0959,0.0243,0.0149
9,4500001,4550000,4525671,980,378,12.2537,4.1511,0.4939,0.1038,0.0635
9,4550001,4600000,4574446,1063,330,9.2778,9.437,-0.0085,-0.002,-0.0012
9,5150001,5200000,5177213,965,390,45.1994,3.2779,0.8648,0.3191,0.2729
9,5200001,5250000,5223067,823,272,23.8988,5.1585,0.6449,0.1704,0.1308
9,5250001,5300000,5279966,1120,419,18.7048,11.4368,0.2411,0.0687,0.0452
9,5300001,5350000,5324893,1160,382,21.3529,11.6369,0.2945,0.0976,0.0574
9,5350001,5400000,5376603,1098,439,25.6344,15.0342,0.2606,0.0844,0.0476
9,5850001,5900000,5872158,1114,118,9.329,6.169,0.2039,0.083,0.053
9,6200001,6250000,6224614,634,221,12.4875,7.069,0.2771,0.131,0.0808
9,6250001,6300000,6277801,968,428,33.1266,12.1856,0.4621,0.1741,0.1246
9,6300001,6350000,6321658,821,340,13.8066,8.2395,0.2525,0.0707,0.0485
9,6350001,6400000,6375128,1008,255,9.1668,9.7134,-0.029,-0.008,-0.0047
9,6400001,6450000,6426843,794,416,15.7428,6.4549,0.4184,0.0928,0.0624
9,6450001,6500000,6475888,711,317,10.011,12.4272,-0.1077,-0.0265,-0.0177
9,6500001,6550000,6519193,1095,283,24.6247,7.737,0.5218,0.2078,0.1605
9,6950001,7000000,6973031,653,148,9.5952,0.9841,0.814,0.2868,0.231
9,7000001,7050000,7027311,779,268,28.4365,3.7723,0.7658,0.2968,0.2462
9,7050001,7100000,7075301,608,267,14.5505,4.2888,0.5447,0.1817,0.1373
9,7100001,7150000,7124467,723,308,14.4616,1.7778,0.7811,0.1975,0.1718
9,7150001,7200000,7175291,754,171,8.9843,2.7655,0.5293,0.1781,0.1433
9,7200001,7250000,7227897,717,343,25.373,2.2304,0.8384,0.2371,0.2033
9,7250001,7300000,7275444,803,406,20.126,4.5952,0.6282,0.1112,0.1008
9,7300001,7350000,7325255,697,262,20.9908,3.4603,0.717,0.2449,0.1878
9,7350001,7400000,7374685,780,274,29.3013,4.0159,0.7589,0.2811,0.2293
9,7400001,7450000,7421058,764,341,25.5476,4.8569,0.6805,0.1985,0.1617
9,7450001,7500000,7474769,692,266,32.201,1.8889,0.8892,0.3187,0.2995
9,7500001,7550000,7525432,748,286,35.2563,0.691,0.9616,0.3013,0.2632
9,7550001,7600000,7576411,929,310,40.6429,8.2369,0.663,0.1829,0.1642
9,7600001,7650000,7630399,1182,498,62.1799,6.935,0.7993,0.286,0.247
9,7650001,7700000,7673912,889,366,38.7296,5.8451,0.7377,0.2799,0.2264
9,7700001,7750000,7726749,955,380,28.2278,8.0508,0.5562,0.1656,0.1315
9,7750001,7800000,7773400,861,317,29.3197,6.2801,0.6472,0.2317,0.1758
9,7800001,7850000,7823589,797,416,31.8473,6.0317,0.6815,0.2132,0.1788
9,7850001,7900000,7872527,854,322,21.6427,5.0038,0.6244,0.2217,0.1872
9,7900001,7950000,7923304,910,412,26.5394,5.5617,0.6535,0.2427,0.1998
9,7950001,8000000,7972917,1102,397,22.0413,0.7143,0.9372,0.2289,0.2037
9,8000001,8050000,8025931,757,324,21.1276,1.3968,0.876,0.2256,0.2031
9,8050001,8100000,8071035,828,340,31.1467,2.8851,0.8304,0.3691,0.2666
9,8100001,8150000,8125352,723,414,26.7431,1.881,0.8686,0.2717,0.2269
9,8150001,8200000,8175505,744,392,32.4214,3.9286,0.7838,0.2463,0.2216
9,8200001,8250000,8226566,737,331,28.0242,4.1114,0.7441,0.2747,0.224
9,8250001,8300000,8276803,816,276,19.4386,3.9282,0.6638,0.1935,0.1568
9,8300001,8350000,8325732,999,105,1.8095,2.4511,-0.1506,-0.0263,-0.019
9,8350001,8400000,8377922,889,446,23.1162,6.7077,0.5502,0.1346,0.0928
9,8400001,8450000,8423671,1123,406,13.2679,8.5608,0.2156,0.0491,0.0331
9,8750001,8800000,8777718,1417,369,9.0042,5.1847,0.2692,0.067,0.0288
9,8800001,8850000,8830127,931,338,5.4683,4.8701,0.0579,0.0073,0.0037
9,8850001,8900000,8874132,760,266,5.9683,1.4286,0.6137,0.0597,0.0389
9,9000001,9050000,9025482,777,215,23.4921,3.1512,0.7635,0.3145,0.2664
9,9050001,9100000,9075983,768,290,20.2654,5.6111,0.5663,0.1729,0.1402
9,9100001,9150000,9125717,833,346,20.634,4.5453,0.639,0.1489,0.1158
9,9150001,9200000,9174410,886,369,25.5722,2.0308,0.8529,0.2182,0.181
9,9200001,9250000,9225187,729,333,12.2336,4.9653,0.4226,0.1056,0.0764
9,9250001,9300000,9279519,856,300,23.4864,2.8351,0.7846,0.2783,0.2105
9,9300001,9350000,9324939,1029,236,19.8146,1.5079,0.8586,0.233,0.1946
9,9350001,9400000,9377045,757,311,21.4505,3.6385,0.71,0.2284,0.173
9,9400001,9450000,9424327,819,310,27.0079,2.4841,0.8315,0.292,0.2544
9,9750001,9800000,9775015,1035,111,9.7222,1.4286,0.7438,0.37,0.2611
9,9800001,9850000,9824492,1115,264,20.1507,2.7495,0.7599,0.2573,0.1941
9,9850001,9900000,9875406,848,221,24.6432,1.2713,0.9019,0.2973,0.2516
9,9900001,9950000,9926604,823,219,40.8483,2.5635,0.8819,0.3983,0.3632
9,9950001,10000000,9977535,943,306,25.2173,1.0159,0.9226,0.3008,0.2609
9,10000001,10050000,10024401,1130,312,22.0754,7.1042,0.5131,0.1957,0.1385
9,10050001,10100000,10074248,922,265,24.4764,2.6893,0.802,0.3118,0.2533
9,10100001,10150000,10124351,1388,371,19.986,6.5714,0.5051,0.1615,0.1019
9,10150001,10200000,10174517,876,340,24.1976,4.5742,0.682,0.2407,0.1948
9,10250001,10300000,10274484,907,110,0.7302,1.0159,-0.1636,-0.0261,-0.0107
9,10300001,10350000,10319948,934,293,10.9844,7.7048,0.1755,0.0501,0.0287
9,10400001,10450000,10435785,426,196,12.5476,0.9365,0.8611,0.2144,0.1712
9,10450001,10500000,10476000,1066,100,4.9603,1.1905,0.6129,0.1531,0.1185
9,10800001,10850000,10823271,1021,249,29.6111,3.1825,0.8059,0.248,0.2053
9,10850001,10900000,10875734,906,323,32.6984,0.5873,0.9647,0.3209,0.283
9,10900001,10950000,10920539,1048,337,26.627,1.4768,0.8949,0.2254,0.1859
9,10950001,11000000,10980317,969,213,23.855,6.1767,0.5887,0.1819,0.1426
9,11000001,11050000,11022621,681,244,30.9206,2.9147,0.8277,0.2964,0.2468
9,11050001,11100000,11076241,683,284,33.9237,2.7008,0.8525,0.2796,0.2193
9,11100001,11150000,11125065,940,257,35.2259,2.7619,0.8546,0.3124,0.2546
9,11150001,11200000,11175903,1082,293,18.1586,1.6509,0.8333,0.1757,0.1442
9,11200001,11250000,11227824,1033,385,44.4634,2.8254,0.8805,0.3284,0.2766
9,11250001,11300000,11275137,930,367,38.7929,3.9785,0.814,0.2991,0.2552
9,11300001,11350000,11325011,714,202,23.036,2.2336,0.8232,0.3688,0.3027
9,11350001,11400000,11371838,1365,466,34.6941,7.5869,0.6411,0.2187,0.1746
9,11400001,11450000,11426216,1083,403,27.7332,1.8333,0.876,0.28,0.2396
9,11450001,11500000,11476033,881,417,18.2266,2.7386,0.7387,0.1394,0.1185
9,11500001,11550000,11523524,1486,126,13.2474,0.4524,0.934,0.3683,0.3271
9,11550001,11600000,11574536,1197,355,26.5634,3.3112,0.7783,0.2557,0.2115
9,11600001,11650000,11623772,962,311,28.8317,3.0137,0.8107,0.2455,0.2255
9,11650001,11700000,11674569,1219,211,11.3453,2.2857,0.6646,0.185,0.1339
9,11700001,11750000,11720474,2198,286,23.8515,1.8954,0.8528,0.2721,0.2378
9,11750001,11800000,11775968,1007,199,12.1087,4.5631,0.4526,0.1266,0.1092
9,11800001,11850000,11825470,1942,754,83.7813,22.2688,0.58,0.2379,0.1883
9,11850001,11900000,11871803,851,464,18.1189,8.4952,0.3616,0.0939,0.0668
9,12150001,12200000,12180637,1199,501,70.4838,5.951,0.8443,0.3738,0.3118
9,12200001,12250000,12224106,662,163,19.4466,4.6133,0.6165,0.268,0.225
9,12550001,12600000,12575891,614,266,21.4057,3.6192,0.7108,0.2412,0.1905
9,12900001,12950000,12924002,506,224,11.3763,2.7147,0.6147,0.2225,0.1715
9,12950001,13000000,12977597,893,381,29.7395,6.8178,0.627,0.1682,0.1424
9,13000001,13050000,13024368,915,287,20.817,2.6198,0.7764,0.2873,0.2456
9,13050001,13100000,13073928,620,336,20.5712,3.4418,0.7133,0.1781,0.1372
9,13100001,13150000,13126174,428,293,9.6767,1.3261,0.7589,0.2073,0.1619
9,13150001,13200000,13173765,666,358,7.682,4.1417,0.2994,0.065,0.0434
9,13200001,13250000,13222477,630,236,11.8815,6.4681,0.295,0.1227,0.0758
9,13250001,13300000,13273966,512,292,11.2547,6.3671,0.2774,0.0715,0.0496
9,13300001,13350000,13323249,862,307,13.5171,6.448,0.3541,0.1048,0.0675
9,13350001,13400000,13382222,1029,268,12.2822,5.3627,0.3922,0.1508,0.0895
9,13400001,13450000,13427185,643,313,17.1974,6.2465,0.4671,0.1655,0.103
9,13450001,13500000,13476060,756,349,11.0876,5.8843,0.3066,0.0894,0.0527
9,13500001,13550000,13525387,722,403,15.1764,7.6221,0.3313,0.0663,0.0509
9,13550001,13600000,13576795,705,383,23.1179,3.381,0.7448,0.2029,0.1628
9,13600001,13650000,13625635,877,352,31.1352,2.4526,0.854,0.2539,0.2183
9,13800001,13850000,13823124,937,170,16.3946,2.1786,0.7654,0.2296,0.2028
9,13850001,13900000,13875120,742,336,14.5556,10.5021,0.1618,0.0494,0.0348
9,13900001,13950000,13924005,1090,544,25.1983,18.722,0.1475,0.036,0.0255
9,13950001,14000000,13974228,849,437,17.8804,9.6655,0.2982,0.0757,0.0533
9,14000001,14050000,14023285,923,235,5.7618,2.73,0.357,0.0518,0.0329
9,14050001,14100000,14074314,868,434,17.6555,13.6081,0.1295,0.0481,0.0274
9,14350001,14400000,14377233,1160,285,18.4689,1.2231,0.8758,0.2038,0.1728
9,14400001,14450000,14423871,1001,442,22.5414,4.8406,0.6464,0.1542,0.1317
9,14450001,14500000,14474899,1188,363,24.627,3.4695,0.753,0.2122,0.1821
9,14500001,14550000,14526396,1022,479,31.7052,6.0794,0.6782,0.1705,0.1492
9,14550001,14600000,14574886,1288,243,21.9048,8.1267,0.4588,0.1779,0.1467
9,14600001,14650000,14623727,1132,156,10.9921,2.3826,0.6437,0.1976,0.1508
9,14750001,14800000,14772778,1106,363,27.3492,3.2262,0.789,0.2972,0.2429
9,14800001,14850000,14825173,906,473,31.3718,4.1589,0.7659,0.2256,0.1906
9,14850001,14900000,14873542,707,469,39.6514,2.6267,0.8757,0.3124,0.2589
9,14900001,14950000,14927368,865,483,31.1987,6.1459,0.6709,0.1848,0.158
9,14950001,15000000,14979095,845,379,22.1233,6.5123,0.5452,0.1587,0.1199
9,15000001,15050000,15025240,950,380,16.0472,2.8327,0.6999,0.1482,0.113
9,15050001,15100000,15075476,936,411,26.6577,3.5243,0.7665,0.203,0.1699
9,15100001,15150000,15123428,774,336,23.1665,2.7831,0.7855,0.1836,0.1562
9,15300001,15350000,15326122,932,256,8.0716,0.5931,0.8631,0.1613,0.1316
9,15350001,15400000,15375006,863,108,1.8753,0.0714,0.9266,0.1215,0.1007
9,15400001,15450000,15423886,1391,114,2.8968,0.127,0.916,0.1503,0.1084
9,15450001,15500000,15472017,1085,437,21.8893,3.7222,0.7093,0.1892,0.15
9,15500001,15550000,15525345,1027,296,14.9678,2.2302,0.7406,0.2104,0.1637
9,15550001,15600000,15573140,830,445,25.9528,2.3811,0.8319,0.2265,0.194
9,15600001,15650000,15625365,943,605,32.3955,4.3739,0.7621,0.2166,0.1845
9,15650001,15700000,15677162,1050,449,32.354,2.3415,0.865,0.2515,0.2196
9,15700001,15750000,15723271,922,583,38.8571,10.0883,0.5878,0.203,0.1694
9,15750001,15800000,15775205,1023,459,24.1983,3.2381,0.764,0.2215,0.1822
9,15800001,15850000,15826278,1152,555,39.1575,3.3495,0.8424,0.2867,0.2456
9,15850001,15900000,15875074,1338,722,42.4327,7.3469,0.7048,0.1459,0.1253
9,15900001,15950000,15924370,1241,516,37.6584,6.1118,0.7207,0.2434,0.2003
9,15950001,16000000,15974624,979,531,24.7828,4.9424,0.6675,0.1441,0.1134
9,16000001,16050000,16026450,2103,639,37.6555,10.1375,0.5758,0.0991,0.0874
9,16050001,16100000,16075327,1605,603,61.7544,10.5914,0.7072,0.2203,0.1846
9,16100001,16150000,16120928,1334,529,43.9578,14.2294,0.5109,0.1717,0.1298
9,16150001,16200000,16174135,805,356,31.2702,6.0714,0.6748,0.1984,0.1677
9,16200001,16250000,16226222,688,367,28.3022,9.442,0.4997,0.1386,0.1134
9,16250001,16300000,16276878,1036,414,17.4683,3.1824,0.6918,0.1473,0.1203
9,16300001,16350000,16323864,890,415,24.7776,4.1845,0.711,0.1823,0.1471
9,16350001,16400000,16373443,829,467,22.2672,0.4365,0.9615,0.2646,0.2185
9,16400001,16450000,16423731,891,503,30.1539,3.0873,0.8142,0.2133,0.1808
9,16450001,16500000,16472739,773,401,35.6526,1.7778,0.905,0.2921,0.2478
9,16500001,16550000,16525373,1016,365,31.9665,0.3968,0.9755,0.2877,0.2503
9,16550001,16600000,16573422,1420,102,8.8175,1.2158,0.7576,0.2669,0.1911
9,16950001,17000000,16974959,894,283,22.368,2.0714,0.8305,0.2158,0.1912
9,17100001,17150000,17123687,1098,329,25.5717,6.0702,0.6163,0.2304,0.1812
9,17150001,17200000,17173164,969,373,21.5198,6.1572,0.5551,0.1773,0.1414
9,17200001,17250000,17221512,816,194,15.7778,0.6667,0.9189,0.3036,0.2736
9,17750001,17800000,17775737,795,282,26.3048,2.127,0.8504,0.2846,0.2465
9,17800001,17850000,17824309,961,415,24.4568,3.865,0.7271,0.1587,0.144
9,17850001,17900000,17874009,901,382,28.4991,2.7701,0.8228,0.1822,0.1651
9,17900001,17950000,17927982,1015,480,26.626,8.7755,0.5042,0.1697,0.1252
9,17950001,18000000,17975444,958,484,10.2134,12.5206,-0.1015,-0.0222,-0.0169
9,18000001,18050000,18024621,1088,482,7.9091,6.0087,0.1365,0.0182,0.014
9,18050001,18100000,18076675,1048,303,12.5035,6.2453,0.3338,0.0891,0.067
9,18200001,18250000,18225294,1074,427,13.381,9.1943,0.1855,0.0452,0.0303
9,18250001,18300000,18270804,1039,134,7.8968,0.6996,0.8372,0.2157,0.2021
9,18350001,18400000,18374926,718,395,23.9945,2.7972,0.7912,0.1826,0.1621
9,18400001,18450000,18424667,1270,418,39.2275,12.0963,0.5286,0.1493,0.1309
9,18450001,18500000,18471290,894,414,25.6869,1.8492,0.8657,0.1661,0.146
9,18500001,18550000,18524855,999,308,22.2575,2.584,0.792,0.2652,0.2297
9,18550001,18600000,18575757,810,365,23.7282,3.9926,0.7119,0.2053,0.177
9,18600001,18650000,18626233,1049,173,13.2778,2.2633,0.7087,0.2192,0.1761
9,18750001,18800000,18773024,925,107,10.8016,0.0952,0.9825,0.3418,0.294
9,19100001,19150000,19125986,529,190,7.897,1.8016,0.6285,0.1618,0.1222
9,19150001,19200000,19176274,654,313,15.64,2.1905,0.7543,0.1819,0.1509
9,19200001,19250000,19226441,1019,348,10.7832,2.9311,0.5725,0.0994,0.07
9,19250001,19300000,19278333,1209,209,4.7453,2.0644,0.3937,0.0915,0.0531
9,19300001,19350000,19322207,1715,308,8.4903,2.2629,0.5791,0.1179,0.079
9,19350001,19400000,19374585,843,390,12.5012,6.8611,0.2913,0.0869,0.0509
9,19400001,19450000,19426473,943,448,14.9008,3.1874,0.6476,0.1054,0.0817
9,19450001,19500000,19470767,1097,262,5.6524,6.4841,-0.0685,-0.0121,-0.0076
9,19500001,19550000,19527270,1456,307,17.873,5.4837,0.5304,0.1858,0.1327
9,19550001,19600000,19575545,878,426,18.5946,10.373,0.2838,0.0895,0.0583
9,19600001,19650000,19624641,669,319,15.7615,10.0648,0.2206,0.0775,0.0449
9,19650001,19700000,19676008,1340,176,4.8492,3.704,0.1339,0.0275,0.0186
9,19700001,19750000,19724439,1205,118,3.2619,1.7381,0.3048,0.0845,0.0428
9,19750001,19800000,19773535,941,389,13.8944,7.3812,0.3061,0.0748,0.0469
9,19800001,19850000,19822110,1269,287,10.5873,3.3117,0.5235,0.1176,0.0789
9,19850001,19900000,19874482,972,385,12.3249,8.9302,0.1597,0.0612,0.0317
9,19900001,19950000,19931393,1315,463,30.324,4.3095,0.7511,0.1945,0.1463
9,19950001,20000000,19973285,1049,452,32.8187,1.1746,0.9309,0.2289,0.2018
9,20000001,20050000,20024550,864,285,9.9579,0.2198,0.9568,0.1391,0.1079
9,20050001,20100000,20075857,1085,258,18.6508,2.119,0.7959,0.2865,0.2122
9,20100001,20150000,20127549,847,240,22.0159,2.3333,0.8083,0.375,0.2767
9,20150001,20200000,20182412,1164,171,11.381,3.0,0.5828,0.1479,0.1239
9,20200001,20250000,20220942,1058,230,18.2837,2.1312,0.7912,0.2699,0.2027
9,20500001,20550000,20522477,1110,140,3.8868,2.6824,0.1833,0.0438,0.0249
9,21450001,21500000,21472333,919,124,16.3952,2.0635,0.7764,0.4859,0.3513
9,22750001,22800000,22775315,861,250,19.9292,2.1508,0.8052,0.3088,0.2656
9,22800001,22850000,22824552,1069,374,39.5813,1.5238,0.9259,0.3789,0.3063
9,22850001,22900000,22873604,824,207,20.0803,3.0556,0.7359,0.2724,0.2516
9,22900001,22950000,22924091,952,350,8.2539,1.4444,0.7021,0.1184,0.0788
9,22950001,23000000,22974503,908,359,9.8175,1.9556,0.6678,0.1224,0.0861
9,23000001,23050000,23024751,832,358,9.3095,1.2587,0.7618,0.1648,0.0941
9,23050001,23100000,23073871,773,333,16.8033,4.7399,0.56,0.1655,0.1198
9,23100001,23150000,23127231,1005,236,11.0082,3.5,0.5175,0.1344,0.0822
9,23150001,23200000,23174243,1037,285,13.0397,4.0093,0.5297,0.1363,0.0841
9,23200001,23250000,23226728,1044,378,16.6298,8.9656,0.2994,0.0938,0.0554
9,23250001,23300000,23273376,883,240,14.6479,3.6128,0.6043,0.2111,0.1563
9,23300001,23350000,23328665,1199,218,23.0842,3.6496,0.727,0.2973,0.2345
9,23350001,23400000,23375583,1108,329,28.5672,2.5952,0.8334,0.2802,0.2402
9,23400001,23450000,23421159,1269,218,12.8095,3.0952,0.6108,0.2003,0.1582
9,23450001,23500000,23476701,929,377,27.8202,3.5161,0.7756,0.2535,0.2195
9,23500001,23550000,23526879,1274,303,24.1864,0.7381,0.9408,0.253,0.2186
9,23550001,23600000,23575813,1425,330,29.4946,5.247,0.6979,0.3162,0.2424
9,23600001,23650000,23622921,975,290,20.8333,9.3596,0.38,0.1724,0.1091
9,23650001,23700000,23675332,889,306,13.5644,6.8135,0.3313,0.0943,0.0555
9,23700001,23750000,23726107,945,325,28.2986,3.3574,0.7879,0.3296,0.2407
9,23750001,23800000,23774061,1168,304,22.2698,1.0556,0.9095,0.2356,0.2025
9,23800001,23850000,23817910,1858,277,33.7302,2.4841,0.8628,0.3742,0.2847
9,23850001,23900000,23875137,1317,329,32.4825,2.2632,0.8697,0.3099,0.2601
9,23900001,23950000,23926078,1315,267,29.6956,1.6598,0.8941,0.4279,0.3481
9,23950001,24000000,23976083,1553,299,40.4359,1.1825,0.9432,0.4357,0.3509
9,24000001,24050000,24030165,1343,201,29.0882,0.6781,0.9544,0.5297,0.4576
9,24050001,24100000,24073868,1544,219,8.6905,3.4444,0.4323,0.1101,0.0699
9,24100001,24150000,24122915,1419,301,6.2583,4.6111,0.1515,0.0223,0.0127
9,24150001,24200000,24169180,1599,239,4.3505,11.7894,-0.4609,-0.1576,-0.0658
9,24200001,24250000,24223734,1062,268,22.5984,2.873,0.7744,0.2754,0.1948
9,24300001,24350000,24322268,1207,222,26.2934,1.389,0.8996,0.5076,0.3873
9,24350001,24400000,24373509,1176,249,30.974,4.8888,0.7274,0.2889,0.2442
9,24900001,24950000,24925654,985,356,43.4438,6.2823,0.7473,0.3073,0.2256
9,25650001,25700000,25678051,917,114,5.2302,1.2857,0.6054,0.1183,0.1021
9,25700001,25750000,25724075,927,276,29.0146,5.1234,0.6998,0.231,0.1933
9,25750001,25800000,25777682,1477,156,29.5238,2.082,0.8683,0.3143,0.2939
9,25800001,25850000,25821609,928,240,24.8889,2.0238,0.8496,0.1888,0.1679
9,25850001,25900000,25876763,1391,172,21.0929,0.5397,0.9501,0.3223,0.2848
9,26250001,26300000,26276720,1694,118,8.6745,4.2381,0.3436,0.0912,0.0718
9,26300001,26350000,26324651,1100,140,15.4891,1.5338,0.8198,0.362,0.2537
9,26350001,26400000,26375283,896,174,23.6047,0.9705,0.921,0.3522,0.2771
9,26400001,26450000,26425524,1067,172,24.8095,1.6265,0.877,0.3478,0.2727
9,26450001,26500000,26474238,989,152,12.3968,4.3414,0.4813,0.1454,0.1123
9,26550001,26600000,26579318,1314,129,18.0301,2.246,0.7785,0.3578,0.2853
9,26600001,26650000,26624218,1148,198,17.0107,6.1905,0.4664,0.1586,0.1252
9,26650001,26700000,26673199,1320,224,16.6508,4.2143,0.596,0.1206,0.0985
9,26700001,26750000,26724365,1265,221,26.7698,9.1508,0.4905,0.1595,0.1339
9,26750001,26800000,26771620,823,139,11.3492,0.0317,0.9944,0.1781,0.1581
9,26900001,26950000,26927133,1413,182,11.4293,8.4263,0.1512,0.051,0.0314
9,27350001,27400000,27377578,1085,222,43.3735,2.3254,0.8982,0.3824,0.3376
9,27400001,27450000,27427256,1090,286,38.5159,3.6512,0.8268,0.2383,0.2005
9,27450001,27500000,27474835,1086,368,45.2336,0.9763,0.9577,0.3111,0.2749
9,27500001,27550000,27528683,1381,229,23.1984,3.3254,0.7493,0.2884,0.2183
9,27550001,27600000,27574963,944,108,9.9444,3.619,0.4664,0.1786,0.1595
9,27650001,27700000,27675039,890,134,12.746,1.1667,0.8323,0.2381,0.1875
9,27750001,27800000,27777713,973,186,28.8333,0.0714,0.9951,0.304,0.2722
9,27800001,27850000,27822694,945,266,47.4683,0.032,0.9987,0.386,0.3342
9,27850001,27900000,27881185,760,242,22.4848,3.4603,0.7333,0.2537,0.2203
9,27900001,27950000,27923465,1411,266,44.2442,3.1111,0.8686,0.3207,0.2845
9,27950001,28000000,27977456,748,172,17.2274,2.246,0.7693,0.2515,0.2058
9,28000001,28050000,28022008,1298,205,34.2851,2.143,0.8823,0.3507,0.3158
9,28050001,28100000,28073481,2668,346,65.6595,12.9762,0.67,0.219,0.1982
9,28100001,28150000,28124653,1567,284,76.5287,2.6746,0.9325,0.4206,0.3752
9,28150001,28200000,28171880,1120,218,37.0217,2.0238,0.8963,0.284,0.2606
9,28200001,28250000,28223589,1486,185,25.5952,6.0873,0.6157,0.1873,0.1622
9,28400001,28450000,28424290,1874,463,67.9126,11.619,0.7078,0.1933,0.1619
9,28450001,28500000,28473740,2102,516,23.693,28.7976,-0.0972,-0.0216,-0.0136
9,28500001,28550000,28522594,1437,145,10.163,3.9944,0.4357,0.099,0.0739
9,28750001,28800000,28767154,1398,302,20.0407,6.312,0.521,0.1216,0.0894
9,29100001,29150000,29126400,1518,248,31.647,8.1084,0.5921,0.2416,0.1906
9,29200001,29250000,29226850,1274,189,23.8771,0.3492,0.9712,0.2881,0.2615
9,29250001,29300000,29278372,1350,229,38.0385,5.3968,0.7515,0.3355,0.2897
9,29300001,29350000,29325022,1357,255,32.9922,2.616,0.8531,0.3173,0.2805
9,29350001,29400000,29371514,1861,213,29.9744,5.5106,0.6894,0.2723,0.2345
9,29400001,29450000,29421747,1869,344,53.1002,6.3447,0.7865,0.3314,0.2745
9,29850001,29900000,29871171,2999,150,24.4444,1.5815,0.8785,0.2944,0.2621
9,29900001,29950000,29928577,2455,360,37.5344,6.746,0.6953,0.1741,0.1512
9,29950001,30000000,29970184,1897,373,53.0746,5.1882,0.8219,0.3241,0.2815
9,30000001,30050000,30024672,1490,188,17.2603,6.3963,0.4592,0.1527,0.1169
9,30050001,30100000,30073784,1089,253,21.7318,7.3693,0.4935,0.2329,0.1517
9,30100001,30150000,30125413,1338,373,39.8968,6.9788,0.7022,0.2807,0.2276
9,30150001,30200000,30176353,1708,345,76.8919,4.127,0.8981,0.4246,0.3749
9,30200001,30250000,30226199,2249,331,61.8682,9.698,0.729,0.3862,0.317
9,30250001,30300000,30275227,1989,366,57.3788,5.6745,0.82,0.2846,0.2444
9,30300001,30350000,30324680,2250,775,54.8063,18.0054,0.5054,0.1538,0.1109
9,30350001,30400000,30377904,1884,572,29.2459,17.549,0.25,0.091,0.0539
9,30400001,30450000,30422400,1816,355,41.0794,6.8559,0.714,0.2602,0.2164
9,30450001,30500000,30473882,1453,420,47.189,9.0545,0.678,0.2867,0.21
9,32050001,32100000,32071844,1054,181,8.1491,3.7435,0.3705,0.1056,0.0516
9,32100001,32150000,32123714,911,265,21.0714,9.7314,0.3681,0.1635,0.1045
9,32150001,32200000,32176838,2154,102,5.3413,5.7302,-0.0351,-0.0175,-0.0078
9,32200001,32250000,32223747,2020,202,11.3413,3.7069,0.5073,0.1533,0.0918
9,32250001,32300000,32277710,1677,261,11.9286,8.5825,0.1631,0.0543,0.0301
